!@#^$%&*
1  1
SUBSTRATE
100	 200	 600	 1600	 4800	 70	 80	 90
1685.000000	 3540.000000	 4206.000000	 32020.000000
1.000000	 2.000000	 1270.000000	 300.000000	 40.000000	
2
1.58e+03	 -1.23e+00	 0.00e+00	 0.00e+00	 0.00e+00	 0.00e+00	 0.00e+00	 0.00e+00	 1.37e+03
0.00e+00	 0.00e+00	 0.00e+00	 0.00e+00	 0.00e+00	 0.00e+00	 0.00e+00	 2.21e-01	 7.00e-01
1
2.54e-04	 1.00e+00	 -3.68e+04	 -2.00e+00	 0.00e+00	 0.00e+00	 0.00e+00	 1.99e+00	 2.40e+00 
3
5.90e-01	 7.40e-01
3
8.00e+05	 8.00e+05	 5.00e+05
TRAPEZOIDAL
1.250000 20.000000 40.000000 40.000000
 6.000000	 1.000000	 1.000000	 1	 NO
