
################### OUTPUT FILE : compari ###################


TIME (ns)  SURFACE TEMPERATURE(K), MELT DEPTH(A) & EVAPN. DEPTH(A)

    0.0000000    300.0000000      0.0000000      0.0000000  
    0.0000000      0.0000000      0.0000000      0.0000000  
    0.2000000    300.0000000      0.0000000      0.0000000  
    0.4000000    306.0886841      0.0000000      0.0000000  
    0.6000000    315.5260315      0.0000000      0.0000000  
    0.8000000    327.6073608      0.0000000      0.0000000  
    1.0000000    342.0406494      0.0000000      0.0000000  
    1.2000000    358.6940308      0.0000000      0.0000000  
    1.4000001    377.5188599      0.0000000      0.0000000  
    1.6000001    398.5170898      0.0000000      0.0000000  
    1.8000002    421.7248535      0.0000000      0.0000000  
    2.0000002    447.2032166      0.0000000      0.0000000  
    2.2000003    475.0322266      0.0000000      0.0000000  
    2.4000003    498.3134155      0.0000000      0.0000000  
    2.6000004    519.4174194      0.0000000      0.0000000  
    2.8000004    539.1233521      0.0000000      0.0000000  
    3.0000005    557.8115234      0.0000000      0.0000000  
    3.2000005    575.7080078      0.0000000      0.0000000  
    3.4000006    592.9624634      0.0000000      0.0000000  
    3.6000006    609.6811523      0.0000000      0.0000000  
    3.8000007    625.9431763      0.0000000      0.0000000  
    4.0000005    641.8096313      0.0000000      0.0000000  
    4.2000003    657.3288574      0.0000000      0.0000000  
    4.4000001    672.5402222      0.0000000      0.0000000  
    4.5999999    687.4759521      0.0000000      0.0000000  
    4.7999997    702.1631470      0.0000000      0.0000000  
    4.9999995    716.6247559      0.0000000      0.0000000  
    5.1999993    730.8804321      0.0000000      0.0000000  
    5.3999991    744.9471436      0.0000000      0.0000000  
    5.5999990    758.8396606      0.0000000      0.0000000  
    5.7999988    772.5711060      0.0000000      0.0000000  
    5.9999986    786.1528320      0.0000000      0.0000000  
    6.1999984    799.5951538      0.0000000      0.0000000  
    6.3999982    812.9072266      0.0000000      0.0000000  
    6.5999980    826.0971680      0.0000000      0.0000000  
    6.7999978    839.1724854      0.0000000      0.0000000  
    6.9999976    852.1397705      0.0000000      0.0000000  
    7.1999974    865.0051880      0.0000000      0.0000000  
    7.3999972    877.7742920      0.0000000      0.0000000  
    7.5999970    890.4521484      0.0000000      0.0000000  
    7.7999969    903.0434570      0.0000000      0.0000000  
    7.9999967    915.5524902      0.0000000      0.0000000  
    8.1999969    927.9832153      0.0000000      0.0000000  
    8.3999968    940.3392944      0.0000000      0.0000000  
    8.5999966    952.6241455      0.0000000      0.0000000  
    8.7999964    964.8409424      0.0000000      0.0000000  
    8.9999962    976.9926147      0.0000000      0.0000000  
    9.1999960    989.0818481      0.0000000      0.0000000  
    9.3999958   1001.1112671      0.0000000      0.0000000  
    9.5999956   1013.0832520      0.0000000      0.0000000  
    9.7999954   1025.0001221      0.0000000      0.0000000  
    9.9999952   1036.8638916      0.0000000      0.0000000  
   10.1999950   1048.6765137      0.0000000      0.0000000  
   10.3999949   1060.4399414      0.0000000      0.0000000  
   10.5999947   1072.1560059      0.0000000      0.0000000  
   10.7999945   1083.8261719      0.0000000      0.0000000  
   10.9999943   1095.4521484      0.0000000      0.0000000  
   11.1999941   1107.0354004      0.0000000      0.0000000  
   11.3999939   1118.5772705      0.0000000      0.0000000  
   11.5999937   1130.0792236      0.0000000      0.0000000  
   11.7999935   1141.5424805      0.0000000      0.0000000  
   11.9999933   1152.9681396      0.0000000      0.0000000  
   12.1999931   1164.3575439      0.0000000      0.0000000  
   12.3999929   1175.7115479      0.0000000      0.0000000  
   12.5999928   1187.0313721      0.0000000      0.0000000  
   12.7999926   1198.3178711      0.0000000      0.0000000  
   12.9999924   1209.5721436      0.0000000      0.0000000  
   13.1999922   1220.7950439      0.0000000      0.0000000  
   13.3999920   1231.9873047      0.0000000      0.0000000  
   13.5999918   1243.1499023      0.0000000      0.0000000  
   13.7999916   1254.2835693      0.0000000      0.0000000  
   13.9999914   1265.3890381      0.0000000      0.0000000  
   14.1999912   1276.4671631      0.0000000      0.0000000  
   14.3999910   1287.5184326      0.0000000      0.0000000  
   14.5999908   1298.5435791      0.0000000      0.0000000  
   14.7999907   1309.5434570      0.0000000      0.0000000  
   14.9999905   1320.5183105      0.0000000      0.0000000  
   15.1999903   1331.4689941      0.0000000      0.0000000  
   15.3999901   1342.3961182      0.0000000      0.0000000  
   15.5999899   1353.3000488      0.0000000      0.0000000  
   15.7999897   1364.1813965      0.0000000      0.0000000  
   15.9999895   1375.0406494      0.0000000      0.0000000  
   16.1999893   1385.6947021      0.0000000      0.0000000  
   16.3999901   1396.3551025      0.0000000      0.0000000  
   16.5999908   1406.9948730      0.0000000      0.0000000  
   16.7999916   1417.3082275      0.0000000      0.0000000  
   16.9999924   1427.5738525      0.0000000      0.0000000  
   17.1999931   1437.8032227      0.0000000      0.0000000  
   17.3999939   1448.0034180      0.0000000      0.0000000  
   17.5999947   1458.1778564      0.0000000      0.0000000  
   17.7999954   1468.3289795      0.0000000      0.0000000  
   17.9999962   1478.0916748      0.0000000      0.0000000  
   18.1999969   1487.8341064      0.0000000      0.0000000  
   18.3999977   1493.8463135      0.0000000      0.0000000  
   18.5999985   1497.5628662      0.0000000      0.0000000  
   18.7999992   1499.4879150      0.0000000      0.0000000  
   19.0000000   1499.8803711      0.0000000      0.0000000  
   19.2000008   1498.9035645      0.0000000      0.0000000  
   19.4000015   1496.6726074      0.0000000      0.0000000  
   19.6000023   1493.2749023      0.0000000      0.0000000  
   19.8000031   1488.7806396      0.0000000      0.0000000  
   20.0000038   1483.2476807      0.0000000      0.0000000  
   20.2000046   1476.7258301      0.0000000      0.0000000  
   20.4000053   1469.2584229      0.0000000      0.0000000  
   20.6000061   1460.8840332      0.0000000      0.0000000  
   20.8000069   1451.6376953      0.0000000      0.0000000  
   21.0000076   1441.5516357      0.0000000      0.0000000  
   21.2000084   1430.6553955      0.0000000      0.0000000  
   21.4000092   1418.9770508      0.0000000      0.0000000  
   21.6000099   1406.5430908      0.0000000      0.0000000  
   21.8000107   1393.3829346      0.0000000      0.0000000  
   22.0000114   1379.4100342      0.0000000      0.0000000  
   22.2000122   1364.7611084      0.0000000      0.0000000  
   22.4000130   1349.2930908      0.0000000      0.0000000  
   22.6000137   1333.0819092      0.0000000      0.0000000  
   22.8000145   1316.2692871      0.0000000      0.0000000  
   23.0000153   1298.9042969      0.0000000      0.0000000  
   23.2000160   1281.0214844      0.0000000      0.0000000  
   23.4000168   1262.6518555      0.0000000      0.0000000  
   23.6000175   1243.8242188      0.0000000      0.0000000  
   23.8000183   1224.5664062      0.0000000      0.0000000  
   24.0000191   1204.9053955      0.0000000      0.0000000  
   24.2000198   1184.8679199      0.0000000      0.0000000  
   24.4000206   1168.0148926      0.0000000      0.0000000  
   24.6000214   1152.9122314      0.0000000      0.0000000  
   24.8000221   1139.0474854      0.0000000      0.0000000  
   25.0000229   1126.1527100      0.0000000      0.0000000  
   25.2000237   1114.0583496      0.0000000      0.0000000  
   25.4000244   1102.6461182      0.0000000      0.0000000  
   25.6000252   1091.8276367      0.0000000      0.0000000  
   25.8000259   1081.5341797      0.0000000      0.0000000  
   26.0000267   1071.7104492      0.0000000      0.0000000  
   26.2000275   1062.3110352      0.0000000      0.0000000  
   26.4000282   1053.2976074      0.0000000      0.0000000  
   26.6000290   1044.6379395      0.0000000      0.0000000  
   26.8000298   1036.3039551      0.0000000      0.0000000  
   27.0000305   1028.2712402      0.0000000      0.0000000  
   27.2000313   1020.5183105      0.0000000      0.0000000  
   27.4000320   1013.0263062      0.0000000      0.0000000  
   27.6000328   1005.7781982      0.0000000      0.0000000  
   27.8000336    998.7588501      0.0000000      0.0000000  
   28.0000343    991.9545898      0.0000000      0.0000000  
   28.2000351    985.3529663      0.0000000      0.0000000  
   28.4000359    978.9426880      0.0000000      0.0000000  
   28.6000366    972.7135010      0.0000000      0.0000000  
   28.8000374    966.6559448      0.0000000      0.0000000  
   29.0000381    960.7612305      0.0000000      0.0000000  
   29.2000389    955.0215454      0.0000000      0.0000000  
   29.4000397    949.4292603      0.0000000      0.0000000  
   29.6000404    943.9776611      0.0000000      0.0000000  
   29.8000412    938.6603394      0.0000000      0.0000000  
   30.0000420    933.4713745      0.0000000      0.0000000  
   30.2000427    928.4051514      0.0000000      0.0000000  
   30.4000435    923.4565430      0.0000000      0.0000000  
   30.6000443    918.6206665      0.0000000      0.0000000  
   30.8000450    913.8930054      0.0000000      0.0000000  
   31.0000458    909.2692261      0.0000000      0.0000000  
   31.2000465    904.7454224      0.0000000      0.0000000  
   31.4000473    900.3176880      0.0000000      0.0000000  
   31.6000481    895.9824829      0.0000000      0.0000000  
   31.8000488    891.7364502      0.0000000      0.0000000  
   32.0000496    887.5763550      0.0000000      0.0000000  
   32.2000504    883.4992065      0.0000000      0.0000000  
   32.4000511    879.5021362      0.0000000      0.0000000  
   32.6000519    875.5823364      0.0000000      0.0000000  
   32.8000526    871.7373657      0.0000000      0.0000000  
   33.0000534    867.9646606      0.0000000      0.0000000  
   33.2000542    864.2619629      0.0000000      0.0000000  
   33.4000549    860.6269531      0.0000000      0.0000000  
   33.6000557    857.0575562      0.0000000      0.0000000  
   33.8000565    853.5516968      0.0000000      0.0000000  
   34.0000572    850.1075439      0.0000000      0.0000000  
   34.2000580    846.7231445      0.0000000      0.0000000  
   34.4000587    843.3967285      0.0000000      0.0000000  
   34.6000595    840.1267090      0.0000000      0.0000000  
   34.8000603    836.9113770      0.0000000      0.0000000  
   35.0000610    833.7491455      0.0000000      0.0000000  
   35.2000618    830.6386108      0.0000000      0.0000000  
   35.4000626    827.5783081      0.0000000      0.0000000  
   35.6000633    824.5668945      0.0000000      0.0000000  
   35.8000641    821.6029663      0.0000000      0.0000000  
   36.0000648    818.6853638      0.0000000      0.0000000  
   36.2000656    815.8127441      0.0000000      0.0000000  
   36.4000664    812.9840698      0.0000000      0.0000000  
   36.6000671    810.1981812      0.0000000      0.0000000  
   36.8000679    807.4539185      0.0000000      0.0000000  
   37.0000687    804.7503052      0.0000000      0.0000000  
   37.2000694    802.0863037      0.0000000      0.0000000  
   37.4000702    799.4609375      0.0000000      0.0000000  
   37.6000710    796.8732300      0.0000000      0.0000000  
   37.8000717    794.3223877      0.0000000      0.0000000  
   38.0000725    791.8074341      0.0000000      0.0000000  
   38.2000732    789.3275757      0.0000000      0.0000000  
   38.4000740    786.8820190      0.0000000      0.0000000  
   38.6000748    784.4699097      0.0000000      0.0000000  
   38.8000755    782.0904541      0.0000000      0.0000000  
   39.0000763    779.7430420      0.0000000      0.0000000  
   39.2000771    777.4268799      0.0000000      0.0000000  
   39.4000778    775.1412354      0.0000000      0.0000000  
   39.6000786    772.8854980      0.0000000      0.0000000  
   39.8000793    770.6590576      0.0000000      0.0000000  
   40.0000801    768.4611816      0.0000000      0.0000000  
   40.2000809    766.2913208      0.0000000      0.0000000  
   40.4000816    764.1488647      0.0000000      0.0000000  
   40.6000824    762.0332642      0.0000000      0.0000000  
   40.8000832    759.9439697      0.0000000      0.0000000  
   41.0000839    757.8803711      0.0000000      0.0000000  
   41.2000847    755.8420410      0.0000000      0.0000000  
   41.4000854    753.8283691      0.0000000      0.0000000  
   41.6000862    751.8389282      0.0000000      0.0000000  
   41.8000870    749.8732300      0.0000000      0.0000000  
   42.0000877    747.9307861      0.0000000      0.0000000  
   42.2000885    746.0111694      0.0000000      0.0000000  
   42.4000893    744.1138916      0.0000000      0.0000000  
   42.6000900    742.2385864      0.0000000      0.0000000  
   42.8000908    740.3847656      0.0000000      0.0000000  
   43.0000916    738.5521240      0.0000000      0.0000000  
   43.2000923    736.7401123      0.0000000      0.0000000  
   43.4000931    734.9484863      0.0000000      0.0000000  
   43.6000938    733.1768188      0.0000000      0.0000000  
   43.8000946    731.4247437      0.0000000      0.0000000  
   44.0000954    729.6918945      0.0000000      0.0000000  
   44.2000961    727.9779663      0.0000000      0.0000000  
   44.4000969    726.2825928      0.0000000      0.0000000  
   44.6000977    724.6054077      0.0000000      0.0000000  
   44.8000984    722.9461060      0.0000000      0.0000000  
   45.0000992    721.3043823      0.0000000      0.0000000  
   45.2000999    719.6799927      0.0000000      0.0000000  
   45.4001007    718.0725708      0.0000000      0.0000000  
   45.6001015    716.4818115      0.0000000      0.0000000  
   45.8001022    714.9074707      0.0000000      0.0000000  
   46.0001030    713.3493042      0.0000000      0.0000000  
   46.2001038    711.8069458      0.0000000      0.0000000  
   46.4001045    710.2801514      0.0000000      0.0000000  
   46.6001053    708.7687378      0.0000000      0.0000000  
   46.8001060    707.2724609      0.0000000      0.0000000  
   47.0001068    705.7909546      0.0000000      0.0000000  
   47.2001076    704.3240356      0.0000000      0.0000000  
   47.4001083    702.8715210      0.0000000      0.0000000  
   47.6001091    701.4331055      0.0000000      0.0000000  
   47.8001099    700.0086060      0.0000000      0.0000000  
   48.0001106    698.5978394      0.0000000      0.0000000  
   48.2001114    697.2005005      0.0000000      0.0000000  
   48.4001122    695.8164062      0.0000000      0.0000000  
   48.6001129    694.4454346      0.0000000      0.0000000  
   48.8001137    693.0872803      0.0000000      0.0000000  
   49.0001144    691.7417603      0.0000000      0.0000000  
   49.2001152    690.4087524      0.0000000      0.0000000  
   49.4001160    689.0880127      0.0000000      0.0000000  
   49.6001167    687.7793579      0.0000000      0.0000000  
   49.8001175    686.4826050      0.0000000      0.0000000  
   50.0001183    685.1975708      0.0000000      0.0000000  
   50.2001190    683.9241333      0.0000000      0.0000000  
   50.4001198    682.6621094      0.0000000      0.0000000  
   50.6001205    681.4112549      0.0000000      0.0000000  
   50.8001213    680.1715088      0.0000000      0.0000000  
   51.0001221    678.9426270      0.0000000      0.0000000  
   51.2001228    677.7245483      0.0000000      0.0000000  
   51.4001236    676.5170288      0.0000000      0.0000000  
   51.6001244    675.3200073      0.0000000      0.0000000  
   51.8001251    674.1332397      0.0000000      0.0000000  
   52.0001259    672.9566040      0.0000000      0.0000000  
   52.2001266    671.7899780      0.0000000      0.0000000  
   52.4001274    670.6333008      0.0000000      0.0000000  
   52.6001282    669.4863281      0.0000000      0.0000000  
   52.8001289    668.3489380      0.0000000      0.0000000  
   53.0001297    667.2210083      0.0000000      0.0000000  
   53.2001305    666.1024780      0.0000000      0.0000000  
   53.4001312    664.9931030      0.0000000      0.0000000  
   53.6001320    663.8928833      0.0000000      0.0000000  
   53.8001328    662.8016357      0.0000000      0.0000000  
   54.0001335    661.7191772      0.0000000      0.0000000  
   54.2001343    660.6455078      0.0000000      0.0000000  
   54.4001350    659.5804443      0.0000000      0.0000000  
   54.6001358    658.5239258      0.0000000      0.0000000  
   54.8001366    657.4757690      0.0000000      0.0000000  
   55.0001373    656.4359741      0.0000000      0.0000000  
   55.2001381    655.4042969      0.0000000      0.0000000  
   55.4001389    654.3807373      0.0000000      0.0000000  
   55.6001396    653.3651123      0.0000000      0.0000000  
   55.8001404    652.3574219      0.0000000      0.0000000  
   56.0001411    651.3574829      0.0000000      0.0000000  
   56.2001419    650.3651733      0.0000000      0.0000000  
   56.4001427    649.3804932      0.0000000      0.0000000  
   56.6001434    648.4033203      0.0000000      0.0000000  
   56.8001442    647.4335327      0.0000000      0.0000000  
   57.0001450    646.4710693      0.0000000      0.0000000  
   57.2001457    645.5158081      0.0000000      0.0000000  
   57.4001465    644.5676880      0.0000000      0.0000000  
   57.6001472    643.6265869      0.0000000      0.0000000  
   57.8001480    642.6924438      0.0000000      0.0000000  
   58.0001488    641.7651978      0.0000000      0.0000000  
   58.2001495    640.8447876      0.0000000      0.0000000  
   58.4001503    639.9310303      0.0000000      0.0000000  
   58.6001511    639.0239258      0.0000000      0.0000000  
   58.8001518    638.1233521      0.0000000      0.0000000  
   59.0001526    637.2292480      0.0000000      0.0000000  
   59.2001534    636.3416138      0.0000000      0.0000000  
   59.4001541    635.4602661      0.0000000      0.0000000  
   59.6001549    634.5851440      0.0000000      0.0000000  
   59.8001556    633.7162476      0.0000000      0.0000000  
   60.0001564    632.8534546      0.0000000      0.0000000  
   60.2001572    631.9967041      0.0000000      0.0000000  
   60.4001579    631.1459351      0.0000000      0.0000000  
   60.6001587    630.3010254      0.0000000      0.0000000  
   60.8001595    629.4620361      0.0000000      0.0000000  
   61.0001602    628.6287842      0.0000000      0.0000000  
   61.2001610    627.8012085      0.0000000      0.0000000  
   61.4001617    626.9793091      0.0000000      0.0000000  
   61.6001625    626.1630249      0.0000000      0.0000000  
   61.8001633    625.3522339      0.0000000      0.0000000  
   62.0001640    624.5468750      0.0000000      0.0000000  
   62.2001648    623.7469482      0.0000000      0.0000000  
   62.4001656    622.9523926      0.0000000      0.0000000  
   62.6001663    622.1630859      0.0000000      0.0000000  
   62.8001671    621.3790283      0.0000000      0.0000000  
   63.0001678    620.6000977      0.0000000      0.0000000  
   63.2001686    619.8263550      0.0000000      0.0000000  
   63.4001694    619.0576172      0.0000000      0.0000000  
   63.6001701    618.2939453      0.0000000      0.0000000  
   63.8001709    617.5351562      0.0000000      0.0000000  
   64.0001678    616.7813721      0.0000000      0.0000000  
   64.2001648    616.0323486      0.0000000      0.0000000  
   64.4001617    615.2881470      0.0000000      0.0000000  
   64.6001587    614.5487671      0.0000000      0.0000000  
   64.8001556    613.8140259      0.0000000      0.0000000  
   65.0001526    613.0839233      0.0000000      0.0000000  
   65.2001495    612.3584595      0.0000000      0.0000000  
   65.4001465    611.6375732      0.0000000      0.0000000  
   65.6001434    610.9212036      0.0000000      0.0000000  
   65.8001404    610.2092896      0.0000000      0.0000000  
   66.0001373    609.5017700      0.0000000      0.0000000  
   66.2001343    608.7986450      0.0000000      0.0000000  
   66.4001312    608.0998535      0.0000000      0.0000000  
   66.6001282    607.4053955      0.0000000      0.0000000  
   66.8001251    606.7151489      0.0000000      0.0000000  
   67.0001221    606.0291138      0.0000000      0.0000000  
   67.2001190    605.3472290      0.0000000      0.0000000  
   67.4001160    604.6694946      0.0000000      0.0000000  
   67.6001129    603.9958496      0.0000000      0.0000000  
   67.8001099    603.3262329      0.0000000      0.0000000  
   68.0001068    602.6606445      0.0000000      0.0000000  
   68.2001038    601.9989624      0.0000000      0.0000000  
   68.4001007    601.3412476      0.0000000      0.0000000  
   68.6000977    600.6874390      0.0000000      0.0000000  
   68.8000946    600.0374756      0.0000000      0.0000000  
   69.0000916    599.3912964      0.0000000      0.0000000  
   69.2000885    598.7489014      0.0000000      0.0000000  
   69.4000854    598.1102905      0.0000000      0.0000000  
   69.6000824    597.4754028      0.0000000      0.0000000  
   69.8000793    596.8441162      0.0000000      0.0000000  
   70.0000763    596.2165527      0.0000000      0.0000000  
   70.2000732    595.5925293      0.0000000      0.0000000  
   70.4000702    594.9721069      0.0000000      0.0000000  
   70.6000671    594.3552246      0.0000000      0.0000000  
   70.8000641    593.7418213      0.0000000      0.0000000  
   71.0000610    593.1318970      0.0000000      0.0000000  
   71.2000580    592.5254517      0.0000000      0.0000000  
   71.4000549    591.9223633      0.0000000      0.0000000  
   71.6000519    591.3226929      0.0000000      0.0000000  
   71.8000488    590.7263794      0.0000000      0.0000000  
   72.0000458    590.1333618      0.0000000      0.0000000  
   72.2000427    589.5436401      0.0000000      0.0000000  
   72.4000397    588.9572144      0.0000000      0.0000000  
   72.6000366    588.3739624      0.0000000      0.0000000  
   72.8000336    587.7939453      0.0000000      0.0000000  
   73.0000305    587.2171021      0.0000000      0.0000000  
   73.2000275    586.6434326      0.0000000      0.0000000  
   73.4000244    586.0728149      0.0000000      0.0000000  
   73.6000214    585.5053101      0.0000000      0.0000000  
   73.8000183    584.9409180      0.0000000      0.0000000  
   74.0000153    584.3795166      0.0000000      0.0000000  
   74.2000122    583.8211060      0.0000000      0.0000000  
   74.4000092    583.2656860      0.0000000      0.0000000  
   74.6000061    582.7132568      0.0000000      0.0000000  
   74.8000031    582.1637573      0.0000000      0.0000000  
   75.0000000    581.6171265      0.0000000      0.0000000  
   75.1999969    581.0734253      0.0000000      0.0000000  
   75.3999939    580.5325317      0.0000000      0.0000000  
   75.5999908    579.9945068      0.0000000      0.0000000  
   75.7999878    579.4592896      0.0000000      0.0000000  
   75.9999847    578.9268799      0.0000000      0.0000000  
   76.1999817    578.3972168      0.0000000      0.0000000  
   76.3999786    577.8703003      0.0000000      0.0000000  
   76.5999756    577.3460693      0.0000000      0.0000000  
   76.7999725    576.8245239      0.0000000      0.0000000  
   76.9999695    576.3056641      0.0000000      0.0000000  
   77.1999664    575.7894897      0.0000000      0.0000000  
   77.3999634    575.2759399      0.0000000      0.0000000  
   77.5999603    574.7649536      0.0000000      0.0000000  
   77.7999573    574.2565918      0.0000000      0.0000000  
   77.9999542    573.7507324      0.0000000      0.0000000  
   78.1999512    573.2474976      0.0000000      0.0000000  
   78.3999481    572.7467041      0.0000000      0.0000000  
   78.5999451    572.2484741      0.0000000      0.0000000  
   78.7999420    571.7526855      0.0000000      0.0000000  
   78.9999390    571.2593994      0.0000000      0.0000000  
   79.1999359    570.7685547      0.0000000      0.0000000  
   79.3999329    570.2800903      0.0000000      0.0000000  
   79.5999298    569.7940063      0.0000000      0.0000000  
   79.7999268    569.3103638      0.0000000      0.0000000  
   79.9999237    568.8291016      0.0000000      0.0000000  
   80.1999207    568.3501587      0.0000000      0.0000000  
   80.3999176    567.8735352      0.0000000      0.0000000  
   80.5999146    567.3991699      0.0000000      0.0000000  
   80.7999115    566.9271851      0.0000000      0.0000000  
   80.9999084    566.4574585      0.0000000      0.0000000  
   81.1999054    565.9899292      0.0000000      0.0000000  
   81.3999023    565.5246582      0.0000000      0.0000000  
   81.5998993    565.0616455      0.0000000      0.0000000  
   81.7998962    564.6008301      0.0000000      0.0000000  
   81.9998932    564.1421509      0.0000000      0.0000000  
   82.1998901    563.6857300      0.0000000      0.0000000  
   82.3998871    563.2313843      0.0000000      0.0000000  
   82.5998840    562.7791748      0.0000000      0.0000000  
   82.7998810    562.3291626      0.0000000      0.0000000  
   82.9998779    561.8811646      0.0000000      0.0000000  
   83.1998749    561.4353027      0.0000000      0.0000000  
   83.3998718    560.9915161      0.0000000      0.0000000  
   83.5998688    560.5498047      0.0000000      0.0000000  
   83.7998657    560.1101074      0.0000000      0.0000000  
   83.9998627    559.6724243      0.0000000      0.0000000  
   84.1998596    559.2367554      0.0000000      0.0000000  
   84.3998566    558.8031006      0.0000000      0.0000000  
   84.5998535    558.3713989      0.0000000      0.0000000  
   84.7998505    557.9417114      0.0000000      0.0000000  
   84.9998474    557.5139160      0.0000000      0.0000000  
   85.1998444    557.0881348      0.0000000      0.0000000  
   85.3998413    556.6642456      0.0000000      0.0000000  
   85.5998383    556.2422485      0.0000000      0.0000000  
   85.7998352    555.8221436      0.0000000      0.0000000  
   85.9998322    555.4039307      0.0000000      0.0000000  
   86.1998291    554.9876099      0.0000000      0.0000000  
   86.3998260    554.5731201      0.0000000      0.0000000  
   86.5998230    554.1604614      0.0000000      0.0000000  
   86.7998199    553.7496338      0.0000000      0.0000000  
   86.9998169    553.3406372      0.0000000      0.0000000  
   87.1998138    552.9334717      0.0000000      0.0000000  
   87.3998108    552.5280151      0.0000000      0.0000000  
   87.5998077    552.1243896      0.0000000      0.0000000  
   87.7998047    551.7225342      0.0000000      0.0000000  
   87.9998016    551.3224487      0.0000000      0.0000000  
   88.1997986    550.9240723      0.0000000      0.0000000  
   88.3997955    550.5274048      0.0000000      0.0000000  
   88.5997925    550.1324463      0.0000000      0.0000000  
   88.7997894    549.7392578      0.0000000      0.0000000  
   88.9997864    549.3477173      0.0000000      0.0000000  
   89.1997833    548.9578247      0.0000000      0.0000000  
   89.3997803    548.5696411      0.0000000      0.0000000  
   89.5997772    548.1831055      0.0000000      0.0000000  
   89.7997742    547.7982178      0.0000000      0.0000000  
   89.9997711    547.4149780      0.0000000      0.0000000  
   90.1997681    547.0333252      0.0000000      0.0000000  
   90.3997650    546.6533203      0.0000000      0.0000000  
   90.5997620    546.2749023      0.0000000      0.0000000  
   90.7997589    545.8980713      0.0000000      0.0000000  
   90.9997559    545.5228271      0.0000000      0.0000000  
   91.1997528    545.1491089      0.0000000      0.0000000  
   91.3997498    544.7769775      0.0000000      0.0000000  
   91.5997467    544.4064331      0.0000000      0.0000000  
   91.7997437    544.0373535      0.0000000      0.0000000  
   91.9997406    543.6698608      0.0000000      0.0000000  
   92.1997375    543.3038330      0.0000000      0.0000000  
   92.3997345    542.9393311      0.0000000      0.0000000  
   92.5997314    542.5763550      0.0000000      0.0000000  
   92.7997284    542.2148438      0.0000000      0.0000000  
   92.9997253    541.8547974      0.0000000      0.0000000  
   93.1997223    541.4962158      0.0000000      0.0000000  
   93.3997192    541.1390991      0.0000000      0.0000000  
   93.5997162    540.7834473      0.0000000      0.0000000  
   93.7997131    540.4291992      0.0000000      0.0000000  
   93.9997101    540.0764160      0.0000000      0.0000000  
   94.1997070    539.7249756      0.0000000      0.0000000  
   94.3997040    539.3750000      0.0000000      0.0000000  
   94.5997009    539.0264282      0.0000000      0.0000000  
   94.7996979    538.6792603      0.0000000      0.0000000  
   94.9996948    538.3334351      0.0000000      0.0000000  
   95.1996918    537.9890137      0.0000000      0.0000000  
   95.3996887    537.6459351      0.0000000      0.0000000  
   95.5996857    537.3042603      0.0000000      0.0000000  
   95.7996826    536.9638672      0.0000000      0.0000000  
   95.9996796    536.6248779      0.0000000      0.0000000  
   96.1996765    536.2871704      0.0000000      0.0000000  
   96.3996735    535.9508057      0.0000000      0.0000000  
   96.5996704    535.6157227      0.0000000      0.0000000  
   96.7996674    535.2819824      0.0000000      0.0000000  
   96.9996643    534.9495239      0.0000000      0.0000000  
   97.1996613    534.6183472      0.0000000      0.0000000  
   97.3996582    534.2884521      0.0000000      0.0000000  
   97.5996552    533.9598389      0.0000000      0.0000000  
   97.7996521    533.6325073      0.0000000      0.0000000  
   97.9996490    533.3063965      0.0000000      0.0000000  
   98.1996460    532.9815674      0.0000000      0.0000000  
   98.3996429    532.6579590      0.0000000      0.0000000  
   98.5996399    532.3355713      0.0000000      0.0000000  
   98.7996368    532.0144043      0.0000000      0.0000000  
   98.9996338    531.6944580      0.0000000      0.0000000  
   99.1996307    531.3757324      0.0000000      0.0000000  
   99.3996277    531.0582275      0.0000000      0.0000000  
   99.5996246    530.7419434      0.0000000      0.0000000  
   99.7996216    530.4267578      0.0000000      0.0000000  
   99.9996185    530.1128540      0.0000000      0.0000000  
  100.1996155    529.8000488      0.0000000      0.0000000  
  100.3996124    529.4884644      0.0000000      0.0000000  
  100.5996094    529.1779785      0.0000000      0.0000000  
  100.7996063    528.8687134      0.0000000      0.0000000  
  100.9996033    528.5605469      0.0000000      0.0000000  
  101.1996002    528.2535400      0.0000000      0.0000000  
  101.3995972    527.9476318      0.0000000      0.0000000  
  101.5995941    527.6428833      0.0000000      0.0000000  
  101.7995911    527.3392334      0.0000000      0.0000000  
  101.9995880    527.0367432      0.0000000      0.0000000  
  102.1995850    526.7352905      0.0000000      0.0000000  
  102.3995819    526.4349976      0.0000000      0.0000000  
  102.5995789    526.1357422      0.0000000      0.0000000  
  102.7995758    525.8375854      0.0000000      0.0000000  
  102.9995728    525.5405273      0.0000000      0.0000000  
  103.1995697    525.2445679      0.0000000      0.0000000  
  103.3995667    524.9496460      0.0000000      0.0000000  
  103.5995636    524.6557617      0.0000000      0.0000000  
  103.7995605    524.3629761      0.0000000      0.0000000  
  103.9995575    524.0711670      0.0000000      0.0000000  
  104.1995544    523.7804565      0.0000000      0.0000000  
  104.3995514    523.4907837      0.0000000      0.0000000  
  104.5995483    523.2021484      0.0000000      0.0000000  
  104.7995453    522.9144897      0.0000000      0.0000000  
  104.9995422    522.6278687      0.0000000      0.0000000  
  105.1995392    522.3422852      0.0000000      0.0000000  
  105.3995361    522.0576782      0.0000000      0.0000000  
  105.5995331    521.7741089      0.0000000      0.0000000  
  105.7995300    521.4915161      0.0000000      0.0000000  
  105.9995270    521.2098999      0.0000000      0.0000000  
  106.1995239    520.9292603      0.0000000      0.0000000  
  106.3995209    520.6496582      0.0000000      0.0000000  
  106.5995178    520.3709717      0.0000000      0.0000000  
  106.7995148    520.0932617      0.0000000      0.0000000  
  106.9995117    519.8165283      0.0000000      0.0000000  
  107.1995087    519.5407104      0.0000000      0.0000000  
  107.3995056    519.2658691      0.0000000      0.0000000  
  107.5995026    518.9920044      0.0000000      0.0000000  
  107.7994995    518.7190552      0.0000000      0.0000000  
  107.9994965    518.4470215      0.0000000      0.0000000  
  108.1994934    518.1759033      0.0000000      0.0000000  
  108.3994904    517.9057617      0.0000000      0.0000000  
  108.5994873    517.6365356      0.0000000      0.0000000  
  108.7994843    517.3681641      0.0000000      0.0000000  
  108.9994812    517.1007690      0.0000000      0.0000000  
  109.1994781    516.8342285      0.0000000      0.0000000  
  109.3994751    516.5686646      0.0000000      0.0000000  
  109.5994720    516.3038940      0.0000000      0.0000000  
  109.7994690    516.0401001      0.0000000      0.0000000  
  109.9994659    515.7770996      0.0000000      0.0000000  
  110.1994629    515.5150757      0.0000000      0.0000000  
  110.3994598    515.2538452      0.0000000      0.0000000  
  110.5994568    514.9935303      0.0000000      0.0000000  
  110.7994537    514.7340698      0.0000000      0.0000000  
  110.9994507    514.4754639      0.0000000      0.0000000  
  111.1994476    514.2177124      0.0000000      0.0000000  
  111.3994446    513.9608154      0.0000000      0.0000000  
  111.5994415    513.7047729      0.0000000      0.0000000  
  111.7994385    513.4495850      0.0000000      0.0000000  
  111.9994354    513.1951904      0.0000000      0.0000000  
  112.1994324    512.9417114      0.0000000      0.0000000  
  112.3994293    512.6889648      0.0000000      0.0000000  
  112.5994263    512.4370728      0.0000000      0.0000000  
  112.7994232    512.1860352      0.0000000      0.0000000  
  112.9994202    511.9357910      0.0000000      0.0000000  
  113.1994171    511.6863708      0.0000000      0.0000000  
  113.3994141    511.4377441      0.0000000      0.0000000  
  113.5994110    511.1899109      0.0000000      0.0000000  
  113.7994080    510.9428711      0.0000000      0.0000000  
  113.9994049    510.6966553      0.0000000      0.0000000  
  114.1994019    510.4512024      0.0000000      0.0000000  
  114.3993988    510.2065430      0.0000000      0.0000000  
  114.5993958    509.9626770      0.0000000      0.0000000  
  114.7993927    509.7195740      0.0000000      0.0000000  
  114.9993896    509.4772644      0.0000000      0.0000000  
  115.1993866    509.2356873      0.0000000      0.0000000  
  115.3993835    508.9949036      0.0000000      0.0000000  
  115.5993805    508.7548828      0.0000000      0.0000000  
  115.7993774    508.5156250      0.0000000      0.0000000  
  115.9993744    508.2770996      0.0000000      0.0000000  
  116.1993713    508.0393372      0.0000000      0.0000000  
  116.3993683    507.8023071      0.0000000      0.0000000  
  116.5993652    507.5660400      0.0000000      0.0000000  
  116.7993622    507.3304749      0.0000000      0.0000000  
  116.9993591    507.0956726      0.0000000      0.0000000  
  117.1993561    506.8616028      0.0000000      0.0000000  
  117.3993530    506.6282654      0.0000000      0.0000000  
  117.5993500    506.3956299      0.0000000      0.0000000  
  117.7993469    506.1637268      0.0000000      0.0000000  
  117.9993439    505.9325256      0.0000000      0.0000000  
  118.1993408    505.7020569      0.0000000      0.0000000  
  118.3993378    505.4722900      0.0000000      0.0000000  
  118.5993347    505.2432251      0.0000000      0.0000000  
  118.7993317    505.0148621      0.0000000      0.0000000  
  118.9993286    504.7871704      0.0000000      0.0000000  
  119.1993256    504.5602112      0.0000000      0.0000000  
  119.3993225    504.3339233      0.0000000      0.0000000  
  119.5993195    504.1083374      0.0000000      0.0000000  
  119.7993164    503.8834229      0.0000000      0.0000000  
  119.9993134    503.6592102      0.0000000      0.0000000  
  120.1993103    503.4356384      0.0000000      0.0000000  
  120.3993073    503.2127686      0.0000000      0.0000000  
  120.5993042    502.9905701      0.0000000      0.0000000  
  120.7993011    502.7690125      0.0000000      0.0000000  
  120.9992981    502.5481567      0.0000000      0.0000000  
  121.1992950    502.3279419      0.0000000      0.0000000  
  121.3992920    502.1083679      0.0000000      0.0000000  
  121.5992889    501.8894653      0.0000000      0.0000000  
  121.7992859    501.6712036      0.0000000      0.0000000  
  121.9992828    501.4536133      0.0000000      0.0000000  
  122.1992798    501.2366333      0.0000000      0.0000000  
  122.3992767    501.0203247      0.0000000      0.0000000  
  122.5992737    500.8046570      0.0000000      0.0000000  
  122.7992706    500.5895996      0.0000000      0.0000000  
  122.9992676    500.3751831      0.0000000      0.0000000  