!@#^$%&*
1  1
SUBSTRATE
100	 2000	 8000	 32000	 200000	 50	 60	 70
1685.000000	 3540.000000	 4206.000000	 32020.000000
1.000000	 2.000000	 1270.000000	 300.000000	 200.000000	
2
1.58e+03	 -1.23e+00	 0.00e+00	 0.00e+00	 0.00e+00	 0.00e+00	 0.00e+00	 0.00e+00	 1.37e+03
0.00e+00	 0.00e+00	 0.00e+00	 0.00e+00	 0.00e+00	 0.00e+00	 0.00e+00	 2.21e-01	 7.00e-01
1
2.54e-04	 1.00e+00	 -3.68e+04	 -2.00e+00	 0.00e+00	 0.00e+00	 0.00e+00	 1.99e+00	 2.40e+00 
1
0.00e+00	 1.00e+00	 0.00e+00	 0.00e+00	 0.00e+00	 0.00e+00	 3.20e-01	 7.30e-01
1
0.00e+00	 0.00e+00	 0.00e+00	 0.00e+00	 2.10e+00	 1.86e+02	 3.20e+01	 8.00e+05	 5.00e+03
GAUSSIAN
28.00000 150.000000
6.000000	 1.000000	 1.000000	 1	 NO
