!@#^$%&*
2  1
SILICON
100	 400	 4000	 20000	 100000	 30	 50	 75
10 YES
1685.000000	 3540.000000	 4206.000000	 32020.000000
1.000000	 2.000000	 1270.000000	 300.000000	 200000.000000	
2
1.58e+03	 -1.23e+00	 0.00e+00	 0.00e+00	 0.00e+00	 0.00e+00	 0.00e+00	 0.00e+00	 1.37e+03
0.00e+00	 0.00e+00	 0.00e+00	 0.00e+00	 0.00e+00	 0.00e+00	 0.00e+00	 2.21e-01	 7.00e-01
1
2.54e-04	 1.00e+00	 -3.68e+04	 -2.00e+00	 0.00e+00	 0.00e+00	 0.00e+00	 1.99e+00	 2.40e+00 
3
5.90e-01	 7.30e-01
3
8.00e+05	 8.00e+05	 5.00e+05
TRIANGULAR
5.000000 25.000000 200000.000000
6.000000	 1.000000	 1.000000	 1	 NO
DOPED
1685.000000	 3540.000000	 4206.000000	 32020.000000 
2
7.90e+02	 -1.23e+00	 0.00e+00	 0.00e+00	 0.00e+00	 0.00e+00	 0.00e+00	 0.00e+00	 1.37e+03
0.00e+00	 0.00e+00	 0.00e+00	 0.00e+00	 0.00e+00	 0.00e+00	 0.00e+00	 1.10e-01	 7.00e-01
1
2.54e-04	 1.00e+00	 -3.68e+04	 -2.00e+00	 0.00e+00	 0.00e+00	 0.00e+00	 1.99e+00	 2.40e+00
3
1.00e+06	 8.00e+05	 5.00e+05
