
################### OUTPUT FILE : RUN2 ###################


TIME (ns)  SURFACE TEMPERATURE(K), MELT DEPTH(A) & EVAPN. DEPTH(A)

    0.0000000    300.0000000      0.0000000      0.0000000  
    0.0000000      0.0000000      0.0000000      0.0000000  
    0.0400000    478.0699463      0.0000000      0.0000000  
    0.0800000    610.6602173      0.0000000      0.0000000  
    0.1200000    718.4910278      0.0000000      0.0000000  
    0.1600000    811.1320190      0.0000000      0.0000000  
    0.2000000    893.4939575      0.0000000      0.0000000  
    0.2400000    968.3659668      0.0000000      0.0000000  
    0.2800000   1037.4783936      0.0000000      0.0000000  
    0.3200000   1101.9846191      0.0000000      0.0000000  
    0.3600000   1162.6976318      0.0000000      0.0000000  
    0.4000000   1220.2153320      0.0000000      0.0000000  
    0.4400000   1274.9934082      0.0000000      0.0000000  
    0.4800000   1327.3875732      0.0000000      0.0000000  
    0.5200000   1377.6824951      0.0000000      0.0000000  
    0.5600000   1426.1096191      0.0000000      0.0000000  
    0.6000000   1472.8601074      0.0000000      0.0000000  
    0.6400000   1518.0939941      0.0000000      0.0000000  
    0.6800001   1561.9464111      0.0000000      0.0000000  
    0.7200001   1604.5332031      0.0000000      0.0000000  
    0.7600001   1645.9537354      0.0000000      0.0000000  
    0.8000001   1686.2944336      0.0000000      0.0000000  
    0.8400002   1725.6308594      0.0000000      0.0000000  
    0.8800002   1764.0291748      0.0000000      0.0000000  
    0.9200002   1801.5483398      0.0000000      0.0000000  
    0.9600002   1838.2404785      0.0000000      0.0000000  
    1.0000002   1874.1519775      0.0000000      0.0000000  
    1.0400002   1909.3248291      0.0000000      0.0000000  
    1.0800002   1943.7967529      0.0000000      0.0000000  
    1.1200001   1977.6016846      0.0000000      0.0000000  
    1.1600001   2010.7707520      0.0000000      0.0000000  
    1.2000000   2043.3321533      0.0000000      0.0000000  
    1.2400000   2075.3117676      0.0000000      0.0000000  
    1.2800000   2106.7333984      0.0000000      0.0000000  
    1.3199999   2137.6188965      0.0000000      0.0000000  
    1.3599999   2167.9887695      0.0000000      0.0000000  
    1.3999999   2197.8615723      0.0000000      0.0000000  
    1.4399998   2227.2546387      0.0000000      0.0000000  
    1.4799998   2256.1845703      0.0000000      0.0000000  
    1.5199997   2284.6665039      0.0000000      0.0000000  
    1.5599997   2312.7145996      0.0000000      0.0000000  
    1.5999997   2340.3427734      0.0000000      0.0000000  
    1.6399996   2367.5629883      0.0000000      0.0000000  
    1.6799996   2394.3879395      0.0000000      0.0000000  
    1.7199996   2420.8286133      0.0000000      0.0000000  
    1.7599995   2446.8955078      0.0000000      0.0000000  
    1.7999995   2472.5993652      0.0000000      0.0000000  
    1.8399994   2497.9494629      0.0000000      0.0000000  
    1.8799994   2522.9553223      0.0000000      0.0000000  
    1.9199994   2547.6254883      0.0000000      0.0000000  
    1.9599993   2571.9687500      0.0000000      0.0000000  
    1.9999993   2595.9931641      0.0000000      0.0000000  
    2.0399992   2619.7062988      0.0000000      0.0000000  
    2.0799992   2643.1154785      0.0000000      0.0000000  
    2.1199992   2666.2282715      0.0000000      0.0000000  
    2.1599991   2689.0512695      0.0000000      0.0000000  
    2.1999991   2711.5913086      0.0000000      0.0000000  
    2.2399991   2733.8547363      0.0000000      0.0000000  
    2.2799990   2755.8474121      0.0000000      0.0000000  
    2.3199990   2777.5756836      0.0000000      0.0000000  
    2.3599989   2799.0449219      0.0000000      0.0000000  
    2.3999989   2820.2612305      0.0000000      0.0000000  
    2.4399989   2841.2294922      0.0000000      0.0000000  
    2.4799988   2861.9548340      0.0000000      0.0000000  
    2.5199988   2882.4428711      0.0000000      0.0000000  
    2.5599988   2902.6979980      0.0000000      0.0000000  
    2.5999987   2922.7253418      0.0000000      0.0000000  
    2.6399987   2942.5290527      0.0000000      0.0000000  
    2.6799986   2962.1140137      0.0000000      0.0000000  
    2.7199986   2981.4843750      0.0000000      0.0000000  
    2.7599986   3000.6442871      0.0000000      0.0000000  
    2.7999985   3019.5981445      0.0000000      0.0000000  
    2.8399985   3038.3493652      0.0000000      0.0000000  
    2.8799984   3056.9023438      0.0000000      0.0000000  
    2.9199984   3075.2607422      0.0000000      0.0000000  
    2.9599984   3093.4282227      0.0000000      0.0000000  
    2.9999983   3111.4082031      0.0000000      0.0000000  
    3.0399983   3129.2043457      0.0000000      0.0000000  
    3.0799983   3146.8200684      0.0000000      0.0000000  
    3.1199982   3164.2585449      0.0000000      0.0000000  
    3.1599982   3181.5229492      0.0000000      0.0000000  
    3.1999981   3198.6164551      0.0000000      0.0000000  
    3.2399981   3215.5424805      0.0000000      0.0000000  
    3.2799981   3232.3034668      0.0000000      0.0000000  
    3.3199980   3248.9028320      0.0000000      0.0000000  
    3.3599980   3265.3430176      0.0000000      0.0000000  
    3.3999979   3281.6269531      0.0000000      0.0000000  
    3.4399979   3297.7573242      0.0000000      0.0000000  
    3.4799979   3313.7370605      0.0000000      0.0000000  
    3.5199978   3329.5683594      0.0000000      0.0000000  
    3.5599978   3345.2539062      0.0000000      0.0000000  
    3.5999978   3360.7963867      0.0000000      0.0000000  
    3.6399977   3376.1977539      0.0000000      0.0000000  
    3.6799977   3391.4606934      0.0000000      0.0000000  
    3.7199976   3406.5874023      0.0000000      0.0000000  
    3.7599976   3421.5803223      0.0000000      0.0000000  
    3.7999976   3436.4414062      0.0000000      0.0000000  
    3.8399975   3451.1730957      0.0000000      0.0000000  
    3.8799975   3465.7770996      0.0000000      0.0000000  
    3.9199975   3480.2558594      0.0000000      0.0000000  
    3.9599974   3494.6113281      0.0000000      0.0000000  
    3.9999974   3508.8452148      0.0000000      0.0000000  
    4.0399976   3522.9597168      0.0000000      0.0000000  
    4.0799975   3536.9565430      0.0000000      0.0000000  
    4.1199975   3550.8378906      0.0000000      0.0000000  
    4.1599975   3564.6052246      0.0000000      0.0000000  
    4.1999974   3578.2604980      0.0000000      0.0000000  
    4.2399974   3591.8051758      0.0000000      0.0000000  
    4.2799973   3605.2414551      0.0000000      0.0000000  
    4.3199973   3618.5705566      0.0000000      0.0000000  
    4.3599973   3631.7944336      0.0000000      0.0000000  
    4.3999972   3644.9145508      0.0000000      0.0000000  
    4.4399972   3657.9323730      0.0000000      0.0000000  
    4.4799972   3670.8496094      0.0000000      0.0000000  
    4.5199971   3683.6677246      0.0000000      0.0000000  
    4.5599971   3696.3881836      0.0000000      0.0000000  
    4.5999970   3709.0122070      0.0000000      0.0000000  
    4.6399970   3721.5417480      0.0000000      0.0000000  
    4.6799970   3733.9777832      0.0000000      0.0000000  
    4.7199969   3746.3217773      0.0000000      0.0000000  
    4.7599969   3758.5751953      0.0000000      0.0000000  
    4.7999969   3770.7390137      0.0000000      0.0000000  
    4.8399968   3782.8149414      0.0000000      0.0000000  
    4.8799968   3794.8039551      0.0000000      0.0000000  
    4.9199967   3806.7072754      0.0000000      0.0000000  
    4.9599967   3818.5263672      0.0000000      0.0000000  
    4.9999967   3823.0000000      0.0000000      0.0000000  
    5.0399966   3823.0000000      0.0000000      0.0000000  
    5.0799966   3823.0000000      0.0000000      0.0000000  
    5.1199965   3823.0000000      0.0000000      0.0000000  
    5.1599965   3823.0000000      0.0000000      0.0000000  
    5.1999965   3823.0000000      0.0000000      0.0000000  
    5.2399964   3823.0000000      0.0000000      0.0000000  
    5.2799964   3823.0000000      0.0000000      0.0000000  
    5.3199964   3823.0000000      0.0000000      0.0000000  
    5.3599963   3823.0000000      0.0000000      0.0000000  
    5.3999963   3823.0000000      0.0000000      0.0000000  
    5.4399962   3823.0000000      0.0000000      0.0000000  
    5.4799962   3823.0000000      0.0000000      0.0000000  
    5.5199962   3823.0000000      0.0000000      0.0000000  
    5.5599961   3823.0000000      0.0000000      0.0000000  
    5.5999961   3823.0000000      0.0000000      0.0000000  
    5.6399961   3823.0000000      0.0000000      0.0000000  
    5.6799960   3823.0000000      0.0000000      0.0000000  
    5.7199960   3823.0000000      0.0000000      0.0000000  
    5.7599959   3823.0000000      0.0000000      0.0000000  
    5.7999959   3823.0000000      0.0000000      0.0000000  
    5.8399959   3823.0000000      0.0000000      0.0000000  
    5.8799958   3823.0000000      0.0000000      0.0000000  
    5.9199958   3823.0000000      0.0000000      0.0000000  
    5.9599957   3823.0000000      0.0000000      0.0000000  
    5.9999957   3823.0000000      0.0000000      0.0000000  
    6.0399957   3823.0000000      0.0000000      0.0000000  
    6.0799956   3823.0000000      0.0000000      0.0000000  
    6.1199956   3823.0000000      0.0000000      0.0000000  
    6.1599956   3823.0000000      0.0000000      0.0000000  
    6.1999955   3823.0000000      0.0000000      0.0000000  
    6.2399955   3823.0000000      0.0000000      0.0000000  
    6.2799954   3823.0000000      0.0000000      0.0000000  
    6.3199954   3823.0000000      0.0000000      0.0000000  
    6.3599954   3823.0000000      0.0000000      0.0000000  
    6.3999953   3823.0000000      0.0000000      0.0000000  
    6.4399953   3823.0000000      0.0000000      0.0000000  
    6.4799953   3823.0000000      0.0000000      0.0000000  
    6.5199952   3823.0000000      0.0000000      0.0000000  
    6.5599952   3823.0000000      0.0000000      0.0000000  
    6.5999951   3823.0000000      0.0000000      0.0000000  
    6.6399951   3823.0000000      0.0000000      0.0000000  
    6.6799951   3823.0000000      0.0000000      0.0000000  
    6.7199950   3823.0000000      0.0000000      0.0000000  
    6.7599950   3823.0000000      0.0000000      0.0000000  
    6.7999949   3823.0000000      0.0000000      0.0000000  
    6.8399949   3823.0000000      0.0000000      0.0000000  
    6.8799949   3823.0000000      0.0000000      0.0000000  
    6.9199948   3823.0000000      0.0000000      0.0000000  
    6.9599948   3823.0000000      0.0000000      0.0000000  
    6.9999948   3823.0000000      0.0000000      0.0000000  
    7.0399947   3823.0000000      0.0000000      0.0000000  
    7.0799947   3823.0000000      0.0000000      0.0000000  
    7.1199946   3823.0000000      0.0000000      0.0000000  
    7.1599946   3823.0000000      0.0000000      0.0000000  
    7.1999946   3823.0000000      0.0000000      0.0000000  
    7.2399945   3823.0000000      0.0000000      0.0000000  
    7.2799945   3823.0000000      0.0000000      0.0000000  
    7.3199944   3823.0000000      0.0000000      0.0000000  
    7.3599944   3823.0000000      0.0000000      0.0000000  
    7.3999944   3823.0000000      0.0000000      0.0000000  
    7.4399943   3823.0000000      0.0000000      0.0000000  
    7.4799943   3823.0000000      0.0000000      0.0000000  
    7.5199943   3823.0000000      0.0000000      0.0000000  
    7.5599942   3823.0000000      0.0000000      0.0000000  
    7.5999942   3823.0000000      0.0000000      0.0000000  
    7.6399941   3823.0000000      0.0000000      0.0000000  
    7.6799941   3823.0000000      0.0000000      0.0000000  
    7.7199941   3823.0000000      0.0000000      0.0000000  
    7.7599940   3823.0000000      0.0000000      0.0000000  
    7.7999940   3823.0000000      0.0000000      0.0000000  
    7.8399940   3823.0000000      0.0000000      0.0000000  
    7.8799939   3823.0000000      0.0000000      0.0000000  
    7.9199939   3823.0000000      0.0000000      0.0000000  
    7.9599938   3823.0000000      0.0000000      0.0000000  
    7.9999938   3823.0000000      0.0000000      0.0000000  
    8.0399942   3823.0000000      0.0000000      0.0000000  
    8.0799942   3823.0000000      0.0000000      0.0000000  
    8.1199942   3823.0000000      0.0000000      0.0000000  
    8.1599941   3823.0000000      0.0000000      0.0000000  
    8.1999941   3823.0000000      0.0000000      0.0000000  
    8.2399940   3823.0000000      0.0000000      0.0000000  
    8.2799940   3823.0000000      0.0000000      0.0000000  
    8.3199940   3823.0000000      0.0000000      0.0000000  
    8.3599939   3823.0000000      0.0000000      0.0000000  
    8.3999939   3823.0000000      0.0000000      0.0000000  
    8.4399939   3823.0000000      0.0000000      0.0000000  
    8.4799938   3823.0000000      0.0000000      0.0000000  
    8.5199938   3823.0000000      0.0000000      0.0000000  
    8.5599937   3823.0000000      0.0000000      0.0000000  
    8.5999937   3823.0000000      0.0000000      0.0000000  
    8.6043882   3823.0000000      0.0000000      0.0000000  
    8.6443882   3849.6684570      0.0000000      0.0000000  
    8.6843882   3879.4987793      0.0000000      0.0000000  
    8.7243881   3908.4499512      0.0000000      0.0000000  
    8.7643881   3935.6125488      0.0000000      0.0000000  
    8.8043880   3960.9785156      0.0000000      0.0000000  
    8.8443880   3984.7602539      0.0000000      0.0000000  
    8.8843880   4007.1894531      0.0000000      0.0000000  
    8.9243879   4028.4694824      0.0000000      0.0000000  
    8.9643879   4048.7656250      0.0000000      0.0000000  
    9.0043879   4068.2119141      0.0000000      0.0000000  
    9.0443878   4086.9167480      0.0000000      0.0000000  
    9.0843878   4104.9682617      0.0000000      0.0000000  
    9.1243877   4122.4389648      0.0000000      0.0000000  
    9.1643877   4139.3901367      0.0000000      0.0000000  
    9.2043877   4155.8715820      0.0000000      0.0000000  
    9.2443876   4171.9272461      0.0000000      0.0000000  
    9.2843876   4187.5932617      0.0000000      0.0000000  
    9.3243876   4202.9018555      0.0000000      0.0000000  
    9.3643875   4217.8798828      0.0000000      0.0000000  
    9.4043875   4232.5522461      0.0000000      0.0000000  
    9.4443874   4246.9399414      0.0000000      0.0000000  
    9.4843874   4261.0605469      0.0000000      0.0000000  
    9.5243874   4274.9316406      0.0000000      0.0000000  
    9.5643873   4288.5673828      0.0000000      0.0000000  
    9.6043873   4301.9809570      0.0000000      0.0000000  
    9.6443872   4315.1840820      0.0000000      0.0000000  
    9.6843872   4328.1875000      0.0000000      0.0000000  
    9.7243872   4341.0009766      0.0000000      0.0000000  
    9.7643871   4353.6333008      0.0000000      0.0000000  
    9.8043871   4366.0922852      0.0000000      0.0000000  
    9.8443871   4378.3852539      0.0000000      0.0000000  
    9.8843870   4390.5185547      0.0000000      0.0000000  
    9.9243870   4402.4995117      0.0000000      0.0000000  
    9.9643869   4414.3330078      0.0000000      0.0000000  
   10.0043869   4426.0244141      0.0000000      0.0000000  
   10.0443869   4437.5786133      0.0000000      0.0000000  
   10.0843868   4449.0004883      0.0000000      0.0000000  
   10.1243868   4460.2939453      0.0000000      0.0000000  
   10.1643867   4471.4633789      0.0000000      0.0000000  
   10.2043867   4482.5126953      0.0000000      0.0000000  
   10.2443867   4493.4448242      0.0000000      0.0000000  
   10.2843866   4504.2641602      0.0000000      0.0000000  
   10.3243866   4514.9726562      0.0000000      0.0000000  
   10.3643866   4525.5742188      0.0000000      0.0000000  
   10.4043865   4536.0712891      0.0000000      0.0000000  
   10.4443865   4546.4667969      0.0000000      0.0000000  
   10.4843864   4556.7631836      0.0000000      0.0000000  
   10.5243864   4566.9633789      0.0000000      0.0000000  
   10.5643864   4577.0688477      0.0000000      0.0000000  
   10.6043863   4587.0825195      0.0000000      0.0000000  
   10.6443863   4597.0063477      0.0000000      0.0000000  
   10.6843863   4606.8427734      0.0000000      0.0000000  
   10.7243862   4616.5932617      0.0000000      0.0000000  
   10.7643862   4626.2597656      0.0000000      0.0000000  
   10.8043861   4635.8447266      0.0000000      0.0000000  
   10.8443861   4645.3491211      0.0000000      0.0000000  
   10.8843861   4654.7753906      0.0000000      0.0000000  
   10.9243860   4664.1245117      0.0000000      0.0000000  
   10.9643860   4673.3989258      0.0000000      0.0000000  
   11.0043859   4682.5991211      0.0000000      0.0000000  
   11.0443859   4691.7275391      0.0000000      0.0000000  
   11.0843859   4700.7846680      0.0000000      0.0000000  
   11.1243858   4709.7729492      0.0000000      0.0000000  
   11.1643858   4718.6928711      0.0000000      0.0000000  
   11.2043858   4727.5463867      0.0000000      0.0000000  
   11.2443857   4736.3344727      0.0000000      0.0000000  
   11.2843857   4745.0585938      0.0000000      0.0000000  
   11.3243856   4753.7192383      0.0000000      0.0000000  
   11.3643856   4762.3183594      0.0000000      0.0000000  
   11.4043856   4770.8569336      0.0000000      0.0000000  
   11.4443855   4779.3354492      0.0000000      0.0000000  
   11.4843855   4787.7558594      0.0000000      0.0000000  
   11.5243855   4796.1186523      0.0000000      0.0000000  
   11.5643854   4804.4252930      0.0000000      0.0000000  
   11.6043854   4812.6762695      0.0000000      0.0000000  
   11.6443853   4820.8725586      0.0000000      0.0000000  
   11.6843853   4829.0156250      0.0000000      0.0000000  
   11.7243853   4837.1059570      0.0000000      0.0000000  
   11.7643852   4845.1440430      0.0000000      0.0000000  
   11.8043852   4853.1318359      0.0000000      0.0000000  
   11.8443851   4861.0693359      0.0000000      0.0000000  
   11.8843851   4868.9575195      0.0000000      0.0000000  
   11.9243851   4876.7973633      0.0000000      0.0000000  
   11.9643850   4884.5898438      0.0000000      0.0000000  
   12.0043850   4892.3349609      0.0000000      0.0000000  
   12.0443850   4900.0341797      0.0000000      0.0000000  
   12.0843849   4907.6879883      0.0000000      0.0000000  
   12.1243849   4915.2973633      0.0000000      0.0000000  
   12.1643848   4922.8623047      0.0000000      0.0000000  
   12.2043848   4930.3842773      0.0000000      0.0000000  
   12.2443848   4937.8632812      0.0000000      0.0000000  
   12.2843847   4945.3007812      0.0000000      0.0000000  
   12.3243847   4952.6967773      0.0000000      0.0000000  
   12.3643847   4960.0517578      0.0000000      0.0000000  
   12.4043846   4967.3666992      0.0000000      0.0000000  
   12.4443846   4974.6420898      0.0000000      0.0000000  
   12.4843845   4981.8789062      0.0000000      0.0000000  
   12.5243845   4989.0771484      0.0000000      0.0000000  
   12.5643845   4996.2373047      0.0000000      0.0000000  
   12.6043844   5003.3608398      0.0000000      0.0000000  
   12.6443844   5010.4472656      0.0000000      0.0000000  
   12.6843843   5017.4970703      0.0000000      0.0000000  
   12.7243843   5024.5117188      0.0000000      0.0000000  
   12.7643843   5031.4912109      0.0000000      0.0000000  
   12.8043842   5038.4355469      0.0000000      0.0000000  
   12.8443842   5045.3461914      0.0000000      0.0000000  
   12.8843842   5052.2226562      0.0000000      0.0000000  
   12.9243841   5059.0659180      0.0000000      0.0000000  
   12.9643841   5065.8764648      0.0000000      0.0000000  
   13.0043840   5072.6547852      0.0000000      0.0000000  
   13.0443840   5079.4008789      0.0000000      0.0000000  
   13.0843840   5086.1157227      0.0000000      0.0000000  
   13.1243839   5092.7993164      0.0000000      0.0000000  
   13.1643839   5099.4521484      0.0000000      0.0000000  
   13.2043839   5106.0747070      0.0000000      0.0000000  
   13.2443838   5112.6669922      0.0000000      0.0000000  
   13.2843838   5119.2304688      0.0000000      0.0000000  
   13.3243837   5125.7641602      0.0000000      0.0000000  
   13.3643837   5132.2695312      0.0000000      0.0000000  
   13.4043837   5138.7465820      0.0000000      0.0000000  
   13.4443836   5145.1953125      0.0000000      0.0000000  
   13.4843836   5151.6162109      0.0000000      0.0000000  
   13.5243835   5158.0102539      0.0000000      0.0000000  
   13.5643835   5164.3769531      0.0000000      0.0000000  
   13.6043835   5170.7172852      0.0000000      0.0000000  
   13.6443834   5177.0307617      0.0000000      0.0000000  
   13.6843834   5183.3188477      0.0000000      0.0000000  
   13.7243834   5189.5805664      0.0000000      0.0000000  
   13.7643833   5195.8173828      0.0000000      0.0000000  
   13.8043833   5202.0288086      0.0000000      0.0000000  
   13.8443832   5208.2158203      0.0000000      0.0000000  
   13.8843832   5214.3779297      0.0000000      0.0000000  
   13.9243832   5220.5161133      0.0000000      0.0000000  
   13.9643831   5226.6303711      0.0000000      0.0000000  
   14.0043831   5232.7207031      0.0000000      0.0000000  
   14.0443830   5238.7880859      0.0000000      0.0000000  
   14.0843830   5244.8320312      0.0000000      0.0000000  
   14.1243830   5250.8530273      0.0000000      0.0000000  
   14.1643829   5256.8515625      0.0000000      0.0000000  
   14.2043829   5262.8281250      0.0000000      0.0000000  
   14.2443829   5268.7822266      0.0000000      0.0000000  
   14.2843828   5274.7143555      0.0000000      0.0000000  
   14.3243828   5280.6254883      0.0000000      0.0000000  
   14.3643827   5286.5146484      0.0000000      0.0000000  
   14.4043827   5292.3828125      0.0000000      0.0000000  
   14.4443827   5298.2304688      0.0000000      0.0000000  
   14.4843826   5304.0571289      0.0000000      0.0000000  
   14.5243826   5309.8637695      0.0000000      0.0000000  
   14.5643826   5315.6499023      0.0000000      0.0000000  
   14.6043825   5321.4160156      0.0000000      0.0000000  
   14.6443825   5327.1621094      0.0000000      0.0000000  
   14.6843824   5332.8886719      0.0000000      0.0000000  
   14.7243824   5338.5961914      0.0000000      0.0000000  
   14.7643824   5344.2841797      0.0000000      0.0000000  
   14.8043823   5349.9536133      0.0000000      0.0000000  
   14.8443823   5355.6040039      0.0000000      0.0000000  
   14.8843822   5361.2358398      0.0000000      0.0000000  
   14.9243822   5366.8496094      0.0000000      0.0000000  
   14.9643822   5372.4448242      0.0000000      0.0000000  
   15.0043821   5378.0219727      0.0000000      0.0000000  
   15.0443821   5383.5815430      0.0000000      0.0000000  
   15.0843821   5389.1230469      0.0000000      0.0000000  
   15.1243820   5394.6474609      0.0000000      0.0000000  
   15.1643820   5400.1542969      0.0000000      0.0000000  
   15.2043819   5405.6440430      0.0000000      0.0000000  
   15.2443819   5411.1166992      0.0000000      0.0000000  
   15.2843819   5416.5727539      0.0000000      0.0000000  
   15.3243818   5422.0122070      0.0000000      0.0000000  
   15.3643818   5427.4350586      0.0000000      0.0000000  
   15.4043818   5432.8417969      0.0000000      0.0000000  
   15.4443817   5438.2319336      0.0000000      0.0000000  
   15.4843817   5443.6064453      0.0000000      0.0000000  
   15.5243816   5448.9648438      0.0000000      0.0000000  
   15.5643816   5454.3076172      0.0000000      0.0000000  
   15.6043816   5459.6347656      0.0000000      0.0000000  
   15.6443815   5464.9467773      0.0000000      0.0000000  
   15.6843815   5470.2431641      0.0000000      0.0000000  
   15.7243814   5475.5244141      0.0000000      0.0000000  
   15.7643814   5480.7905273      0.0000000      0.0000000  
   15.8043814   5486.0419922      0.0000000      0.0000000  
   15.8443813   5491.2788086      0.0000000      0.0000000  
   15.8843813   5496.5009766      0.0000000      0.0000000  
   15.9243813   5501.7084961      0.0000000      0.0000000  
   15.9643812   5506.9018555      0.0000000      0.0000000  
   16.0043812   5512.0805664      0.0000000      0.0000000  
   16.0443821   5517.2456055      0.0000000      0.0000000  
   16.0843830   5522.3964844      0.0000000      0.0000000  
   16.1243839   5527.5336914      0.0000000      0.0000000  
   16.1643848   5532.6572266      0.0000000      0.0000000  
   16.2043858   5537.7670898      0.0000000      0.0000000  
   16.2443867   5542.8632812      0.0000000      0.0000000  
   16.2843876   5547.9462891      0.0000000      0.0000000  
   16.3243885   5553.0156250      0.0000000      0.0000000  
   16.3643894   5558.0722656      0.0000000      0.0000000  
   16.4043903   5563.1157227      0.0000000      0.0000000  
   16.4443913   5568.1464844      0.0000000      0.0000000  
   16.4843922   5573.1640625      0.0000000      0.0000000  
   16.5243931   5578.1689453      0.0000000      0.0000000  
   16.5643940   5583.1611328      0.0000000      0.0000000  
   16.6043949   5588.1411133      0.0000000      0.0000000  
   16.6443958   5593.1083984      0.0000000      0.0000000  
   16.6843967   5598.0639648      0.0000000      0.0000000  
   16.7243977   5603.0068359      0.0000000      0.0000000  
   16.7643986   5607.9375000      0.0000000      0.0000000  
   16.8043995   5612.8564453      0.0000000      0.0000000  
   16.8444004   5617.7631836      0.0000000      0.0000000  
   16.8844013   5622.6582031      0.0000000      0.0000000  
   16.9244022   5627.5415039      0.0000000      0.0000000  
   16.9644032   5632.4130859      0.0000000      0.0000000  
   17.0044041   5637.2734375      0.0000000      0.0000000  
   17.0444050   5642.1220703      0.0000000      0.0000000  
   17.0844059   5646.9594727      0.0000000      0.0000000  
   17.1244068   5651.7856445      0.0000000      0.0000000  
   17.1644077   5656.6005859      0.0000000      0.0000000  
   17.2044086   5661.4042969      0.0000000      0.0000000  
   17.2444096   5666.1967773      0.0000000      0.0000000  
   17.2844105   5670.9785156      0.0000000      0.0000000  
   17.3244114   5675.7495117      0.0000000      0.0000000  
   17.3644123   5680.5097656      0.0000000      0.0000000  
   17.4044132   5685.2592773      0.0000000      0.0000000  
   17.4444141   5689.9980469      0.0000000      0.0000000  
   17.4844151   5694.7260742      0.0000000      0.0000000  
   17.5244160   5699.4438477      0.0000000      0.0000000  
   17.5644169   5704.1513672      0.0000000      0.0000000  
   17.6044178   5708.8486328      0.0000000      0.0000000  
   17.6444187   5713.5356445      0.0000000      0.0000000  
   17.6844196   5718.2124023      0.0000000      0.0000000  
   17.7244205   5722.8789062      0.0000000      0.0000000  
   17.7644215   5727.5356445      0.0000000      0.0000000  
   17.8044224   5732.1821289      0.0000000      0.0000000  
   17.8444233   5736.8188477      0.0000000      0.0000000  
   17.8844242   5741.4458008      0.0000000      0.0000000  
   17.9244251   5746.0629883      0.0000000      0.0000000  
   17.9644260   5750.6708984      0.0000000      0.0000000  
   18.0044270   5755.2685547      0.0000000      0.0000000  
   18.0444279   5759.8569336      0.0000000      0.0000000  
   18.0844288   5764.4360352      0.0000000      0.0000000  
   18.1244297   5769.0058594      0.0000000      0.0000000  
   18.1644306   5773.5659180      0.0000000      0.0000000  
   18.2044315   5778.1166992      0.0000000      0.0000000  
   18.2444324   5782.6586914      0.0000000      0.0000000  
   18.2844334   5787.1909180      0.0000000      0.0000000  
   18.3244343   5791.7148438      0.0000000      0.0000000  
   18.3644352   5796.2290039      0.0000000      0.0000000  
   18.4044361   5800.7343750      0.0000000      0.0000000  
   18.4444370   5805.2309570      0.0000000      0.0000000  
   18.4844379   5809.7187500      0.0000000      0.0000000  
   18.5244389   5814.1977539      0.0000000      0.0000000  
   18.5644398   5818.6679688      0.0000000      0.0000000  
   18.6044407   5823.1293945      0.0000000      0.0000000  
   18.6444416   5827.5820312      0.0000000      0.0000000  
   18.6844425   5832.0263672      0.0000000      0.0000000  
   18.7244434   5836.4624023      0.0000000      0.0000000  
   18.7644444   5840.8896484      0.0000000      0.0000000  
   18.8044453   5845.3085938      0.0000000      0.0000000  
   18.8444462   5849.7192383      0.0000000      0.0000000  
   18.8844471   5854.1210938      0.0000000      0.0000000  
   18.9244480   5858.5151367      0.0000000      0.0000000  
   18.9644489   5862.9013672      0.0000000      0.0000000  
   19.0044498   5867.2788086      0.0000000      0.0000000  
   19.0444508   5871.6484375      0.0000000      0.0000000  
   19.0844517   5876.0097656      0.0000000      0.0000000  
   19.1244526   5880.3632812      0.0000000      0.0000000  
   19.1644535   5884.7089844      0.0000000      0.0000000  
   19.2044544   5889.0463867      0.0000000      0.0000000  
   19.2444553   5893.3764648      0.0000000      0.0000000  
   19.2844563   5897.6982422      0.0000000      0.0000000  
   19.3244572   5902.0126953      0.0000000      0.0000000  
   19.3644581   5906.3193359      0.0000000      0.0000000  
   19.4044590   5910.6181641      0.0000000      0.0000000  
   19.4444599   5914.9091797      0.0000000      0.0000000  
   19.4844608   5919.1928711      0.0000000      0.0000000  
   19.5244617   5923.4692383      0.0000000      0.0000000  
   19.5644627   5927.7377930      0.0000000      0.0000000  
   19.6044636   5931.9990234      0.0000000      0.0000000  
   19.6444645   5936.2524414      0.0000000      0.0000000  
   19.6844654   5940.4990234      0.0000000      0.0000000  
   19.7244663   5944.7382812      0.0000000      0.0000000  
   19.7644672   5948.9702148      0.0000000      0.0000000  
   19.8044682   5953.1948242      0.0000000      0.0000000  
   19.8444691   5957.4121094      0.0000000      0.0000000  
   19.8844700   5961.6225586      0.0000000      0.0000000  
   19.9244709   5965.8256836      0.0000000      0.0000000  
   19.9644718   5970.0214844      0.0000000      0.0000000  
   20.0044727   5974.2109375      0.0000000      0.0000000  
   20.0444736   5800.3227539      0.0000000      0.0000000  
   20.0844746   5671.9077148      0.0000000      0.0000000  
   20.1244755   5568.2451172      0.0000000      0.0000000  
   20.1644764   5479.7656250      0.0000000      0.0000000  
   20.2044773   5401.5581055      0.0000000      0.0000000  
   20.2444782   5330.8334961      0.0000000      0.0000000  
   20.2844791   5265.8623047      0.0000000      0.0000000  
   20.3244801   5205.4902344      0.0000000      0.0000000  
   20.3644810   5148.9047852      0.0000000      0.0000000  
   20.4044819   5095.5078125      0.0000000      0.0000000  