!@#^$%&*
3  1
SUBSTRATE
100	 200	 800	 2000	 4800	 70	 80	 90
25 YES
35 YES
1685.000000	 3540.000000	 4206.000000	 32020.000000
1.000000	 2.000000	 500.000000	 300.000000	 100.000000	
2
1.58e+03	 -1.23e+00	 0.00e+00	 0.00e+00	 0.00e+00	 0.00e+00	 0.00e+00	 0.00e+00	 1.37e+03
0.00e+00	 0.00e+00	 0.00e+00	 0.00e+00	 0.00e+00	 0.00e+00	 0.00e+00	 2.21e-01	 7.00e-01
1
2.54e-04	 1.00e+00	 -3.68e+04	 -2.00e+00	 0.00e+00	 0.00e+00	 0.00e+00	 1.99e+00	 2.40e+00 
3
5.90e-01	 7.30e-01
3
8.00e+05	 8.00e+05	 5.00e+05
TRAPEZOIDAL
0.500000 10.000000 175.000000 40.000000
 6.000000	 1.000000	 1.000000	 1	 NO
SILICON
1685.000000	 3540.000000	 4206.000000	 32020.000000 
2
1.58e+03	 -1.23e+00	 0.00e+00	 0.00e+00	 0.00e+00	 0.00e+00	 0.00e+00	 0.00e+00	 1.37e+03
0.00e+00	 0.00e+00	 0.00e+00	 0.00e+00	 0.00e+00	 0.00e+00	 0.00e+00	 2.21e-01	 7.00e-01
1
2.54e-04	 1.00e+00	 -3.68e+04	 -2.00e+00	 0.00e+00	 0.00e+00	 0.00e+00	 1.99e+00	 2.40e+00
3
8.00e+05	 8.00e+05	 5.00e+05
SILICA
1685.000000	 3540.000000	 4206.000000	 32020.000000 
3
8.00e-03	 5.00e-02
3
2.20e+00	 2.40e+00
3
1.00e+00	 1.00e+00	 1.00e+00
