
################### OUTPUT FILE : sopraltf ###################


TIME (ns)  SURFACE TEMPERATURE(K), MELT DEPTH(A) & EVAPN. DEPTH(A)

    0.0000000    300.0000000      0.0000000      0.0000000  
    0.0000000      0.0000000      0.0000000      0.0000000  
    2.0000000    300.0000000      0.0000000      0.0000000  
    4.0000000    300.2792358      0.0000000      0.0000000  
    6.0000000    300.7019043      0.0000000      0.0000000  
    8.0000000    301.2324829      0.0000000      0.0000000  
   10.0000000    301.8532715      0.0000000      0.0000000  
   12.0000000    302.5532837      0.0000000      0.0000000  
   14.0000000    303.3249512      0.0000000      0.0000000  
   16.0000000    304.1625671      0.0000000      0.0000000  
   18.0000000    305.0617981      0.0000000      0.0000000  
   20.0000000    306.0191040      0.0000000      0.0000000  
   22.0000000    307.0316162      0.0000000      0.0000000  
   24.0000000    308.0968933      0.0000000      0.0000000  
   26.0000000    309.2128906      0.0000000      0.0000000  
   28.0000000    310.3778381      0.0000000      0.0000000  
   30.0000000    311.5902100      0.0000000      0.0000000  
   32.0000000    312.8486633      0.0000000      0.0000000  
   34.0000000    314.1520081      0.0000000      0.0000000  
   36.0000000    315.4992065      0.0000000      0.0000000  
   38.0000000    316.8893433      0.0000000      0.0000000  
   40.0000000    318.3215332      0.0000000      0.0000000  
   42.0000000    319.7951050      0.0000000      0.0000000  
   44.0000000    321.3093262      0.0000000      0.0000000  
   46.0000000    322.8636475      0.0000000      0.0000000  
   48.0000000    324.4574890      0.0000000      0.0000000  
   50.0000000    326.0903931      0.0000000      0.0000000  
   52.0000000    327.7619019      0.0000000      0.0000000  
   54.0000000    329.4716492      0.0000000      0.0000000  
   56.0000000    331.2192383      0.0000000      0.0000000  
   58.0000000    333.0043945      0.0000000      0.0000000  
   60.0000000    334.8267822      0.0000000      0.0000000  
   62.0000000    336.6861877      0.0000000      0.0000000  
   64.0000000    338.5823669      0.0000000      0.0000000  
   66.0000000    340.5151062      0.0000000      0.0000000  
   68.0000000    342.4842529      0.0000000      0.0000000  
   70.0000000    344.4895935      0.0000000      0.0000000  
   72.0000000    346.5310669      0.0000000      0.0000000  
   74.0000000    348.6084900      0.0000000      0.0000000  
   76.0000000    350.7218323      0.0000000      0.0000000  
   78.0000000    352.8709412      0.0000000      0.0000000  
   80.0000000    355.0557861      0.0000000      0.0000000  
   82.0000000    357.2763062      0.0000000      0.0000000  
   84.0000000    359.5324707      0.0000000      0.0000000  
   86.0000000    361.8242798      0.0000000      0.0000000  
   88.0000000    364.1516724      0.0000000      0.0000000  
   90.0000000    366.5146484      0.0000000      0.0000000  
   92.0000000    368.9132690      0.0000000      0.0000000  
   94.0000000    371.3475342      0.0000000      0.0000000  
   96.0000000    373.8174744      0.0000000      0.0000000  
   98.0000000    376.3231201      0.0000000      0.0000000  
  100.0000000    378.8645325      0.0000000      0.0000000  
  102.0000000    381.4417725      0.0000000      0.0000000  
  104.0000000    384.0549316      0.0000000      0.0000000  
  106.0000000    386.7040405      0.0000000      0.0000000  
  108.0000000    389.3892212      0.0000000      0.0000000  
  110.0000000    392.1105652      0.0000000      0.0000000  
  112.0000000    394.8681641      0.0000000      0.0000000  
  114.0000000    397.6621094      0.0000000      0.0000000  
  116.0000000    400.4925537      0.0000000      0.0000000  
  118.0000000    403.3595886      0.0000000      0.0000000  
  120.0000000    406.2633362      0.0000000      0.0000000  
  122.0000000    409.2039490      0.0000000      0.0000000  
  124.0000000    412.1815796      0.0000000      0.0000000  
  126.0000000    415.1963501      0.0000000      0.0000000  
  128.0000000    418.2483826      0.0000000      0.0000000  
  130.0000000    421.3378906      0.0000000      0.0000000  
  132.0000000    424.4649963      0.0000000      0.0000000  
  134.0000000    427.6298828      0.0000000      0.0000000  
  136.0000000    430.8327026      0.0000000      0.0000000  
  138.0000000    434.0736694      0.0000000      0.0000000  
  140.0000000    437.3529053      0.0000000      0.0000000  
  142.0000000    440.6706543      0.0000000      0.0000000  
  144.0000000    444.0270386      0.0000000      0.0000000  
  146.0000000    447.4223328      0.0000000      0.0000000  
  148.0000000    450.8566589      0.0000000      0.0000000  
  150.0000000    454.3302612      0.0000000      0.0000000  
  152.0000000    457.8433228      0.0000000      0.0000000  
  154.0000000    461.3960571      0.0000000      0.0000000  
  156.0000000    464.9887085      0.0000000      0.0000000  
  158.0000000    468.6214294      0.0000000      0.0000000  
  160.0000000    472.2944946      0.0000000      0.0000000  
  162.0000000    476.0081177      0.0000000      0.0000000  
  164.0000000    479.7624817      0.0000000      0.0000000  
  166.0000000    483.5578918      0.0000000      0.0000000  
  168.0000000    487.3945007      0.0000000      0.0000000  
  170.0000000    491.2726135      0.0000000      0.0000000  
  172.0000000    495.1924133      0.0000000      0.0000000  
  174.0000000    499.1541748      0.0000000      0.0000000  
  176.0000000    503.1581421      0.0000000      0.0000000  
  178.0000000    507.2045593      0.0000000      0.0000000  
  180.0000000    511.2937012      0.0000000      0.0000000  
  182.0000000    515.4257812      0.0000000      0.0000000  
  184.0000000    519.6010742      0.0000000      0.0000000  
  186.0000000    523.8198242      0.0000000      0.0000000  
  188.0000000    528.0822754      0.0000000      0.0000000  
  190.0000000    532.3887939      0.0000000      0.0000000  
  192.0000000    536.7395020      0.0000000      0.0000000  
  194.0000000    541.1348267      0.0000000      0.0000000  
  196.0000000    545.5748901      0.0000000      0.0000000  
  198.0000000    550.0600586      0.0000000      0.0000000  
  200.0000000    554.5906372      0.0000000      0.0000000  
  202.0000000    559.1668091      0.0000000      0.0000000  
  204.0000000    563.7888794      0.0000000      0.0000000  
  206.0000000    568.4572144      0.0000000      0.0000000  
  208.0000000    573.1719971      0.0000000      0.0000000  
  210.0000000    577.9335938      0.0000000      0.0000000  
  212.0000000    582.7421875      0.0000000      0.0000000  
  214.0000000    587.5982056      0.0000000      0.0000000  
  216.0000000    592.5018921      0.0000000      0.0000000  
  218.0000000    597.4535522      0.0000000      0.0000000  
  220.0000000    602.4534302      0.0000000      0.0000000  
  222.0000000    607.5018921      0.0000000      0.0000000  
  224.0000000    612.5992432      0.0000000      0.0000000  
  226.0000000    617.7457275      0.0000000      0.0000000  
  228.0000000    622.9417114      0.0000000      0.0000000  
  230.0000000    628.1874390      0.0000000      0.0000000  
  232.0000000    633.4833374      0.0000000      0.0000000  
  234.0000000    638.8295898      0.0000000      0.0000000  
  236.0000000    644.2265625      0.0000000      0.0000000  
  238.0000000    649.6746216      0.0000000      0.0000000  
  240.0000000    655.1740112      0.0000000      0.0000000  
  242.0000000    660.7250366      0.0000000      0.0000000  
  244.0000000    666.3281250      0.0000000      0.0000000  
  246.0000000    671.9835205      0.0000000      0.0000000  
  248.0000000    677.6915894      0.0000000      0.0000000  
  250.0000000    683.4526367      0.0000000      0.0000000  
  252.0000000    689.2669678      0.0000000      0.0000000  
  254.0000000    695.1349487      0.0000000      0.0000000  
  256.0000000    701.0568848      0.0000000      0.0000000  
  258.0000000    707.0331421      0.0000000      0.0000000  
  260.0000000    713.0640259      0.0000000      0.0000000  
  262.0000000    719.1498413      0.0000000      0.0000000  
  264.0000000    725.2910156      0.0000000      0.0000000  
  266.0000000    731.4878540      0.0000000      0.0000000  
  268.0000000    737.7406616      0.0000000      0.0000000  
  270.0000000    744.0497437      0.0000000      0.0000000  
  272.0000000    750.4155884      0.0000000      0.0000000  
  274.0000000    756.8384399      0.0000000      0.0000000  
  276.0000000    763.3186035      0.0000000      0.0000000  
  278.0000000    769.8565063      0.0000000      0.0000000  
  280.0000000    776.4524536      0.0000000      0.0000000  
  282.0000000    783.1068726      0.0000000      0.0000000  
  284.0000000    789.8200073      0.0000000      0.0000000  
  286.0000000    796.5922852      0.0000000      0.0000000  
  288.0000000    803.4240112      0.0000000      0.0000000  
  290.0000000    810.3155518      0.0000000      0.0000000  
  292.0000000    817.2672729      0.0000000      0.0000000  
  294.0000000    824.2794800      0.0000000      0.0000000  
  296.0000000    831.3526611      0.0000000      0.0000000  
  298.0000000    838.4870605      0.0000000      0.0000000  
  300.0000000    845.6830444      0.0000000      0.0000000  
  302.0000000    852.9409790      0.0000000      0.0000000  
  304.0000000    859.8189697      0.0000000      0.0000000  
  306.0000000    866.5055542      0.0000000      0.0000000  
  308.0000000    873.0570679      0.0000000      0.0000000  
  310.0000000    879.5015869      0.0000000      0.0000000  
  312.0000000    885.8565063      0.0000000      0.0000000  
  314.0000000    892.1338501      0.0000000      0.0000000  
  316.0000000    898.3425293      0.0000000      0.0000000  
  318.0000000    904.4895020      0.0000000      0.0000000  
  320.0000000    910.5803223      0.0000000      0.0000000  
  322.0000000    916.6195679      0.0000000      0.0000000  
  324.0000000    922.6111450      0.0000000      0.0000000  
  326.0000000    928.5583496      0.0000000      0.0000000  
  328.0000000    934.4639282      0.0000000      0.0000000  
  330.0000000    940.3305054      0.0000000      0.0000000  
  332.0000000    946.1602173      0.0000000      0.0000000  
  334.0000000    951.9550781      0.0000000      0.0000000  
  336.0000000    957.7167969      0.0000000      0.0000000  
  338.0000000    963.4469604      0.0000000      0.0000000  
  340.0000000    969.1470947      0.0000000      0.0000000  
  342.0000000    974.8184204      0.0000000      0.0000000  
  344.0000000    980.4622192      0.0000000      0.0000000  
  346.0000000    986.0795898      0.0000000      0.0000000  
  348.0000000    991.6715088      0.0000000      0.0000000  
  350.0000000    997.2389526      0.0000000      0.0000000  
  352.0000000   1002.7828369      0.0000000      0.0000000  
  354.0000000   1008.3039551      0.0000000      0.0000000  
  356.0000000   1013.8030396      0.0000000      0.0000000  
  358.0000000   1019.2808838      0.0000000      0.0000000  
  360.0000000   1024.7380371      0.0000000      0.0000000  
  362.0000000   1030.1752930      0.0000000      0.0000000  
  364.0000000   1035.5931396      0.0000000      0.0000000  
  366.0000000   1040.9921875      0.0000000      0.0000000  
  368.0000000   1046.3729248      0.0000000      0.0000000  
  370.0000000   1051.7359619      0.0000000      0.0000000  
  372.0000000   1057.0816650      0.0000000      0.0000000  
  374.0000000   1062.4104004      0.0000000      0.0000000  
  376.0000000   1067.7229004      0.0000000      0.0000000  
  378.0000000   1073.0192871      0.0000000      0.0000000  
  380.0000000   1078.3000488      0.0000000      0.0000000  
  382.0000000   1083.5655518      0.0000000      0.0000000  
  384.0000000   1088.8161621      0.0000000      0.0000000  
  386.0000000   1094.0522461      0.0000000      0.0000000  
  388.0000000   1099.2740479      0.0000000      0.0000000  
  390.0000000   1104.4819336      0.0000000      0.0000000  
  392.0000000   1109.6762695      0.0000000      0.0000000  
  394.0000000   1114.8571777      0.0000000      0.0000000  
  396.0000000   1120.0250244      0.0000000      0.0000000  
  398.0000000   1125.1801758      0.0000000      0.0000000  
  400.0000000   1130.3227539      0.0000000      0.0000000  
  402.0000000   1135.4530029      0.0000000      0.0000000  
  404.0000000   1140.5711670      0.0000000      0.0000000  
  406.0000000   1145.6774902      0.0000000      0.0000000  
  408.0000000   1150.7720947      0.0000000      0.0000000  
  410.0000000   1155.8554688      0.0000000      0.0000000  
  412.0000000   1160.9274902      0.0000000      0.0000000  
  414.0000000   1165.9885254      0.0000000      0.0000000  
  416.0000000   1171.0386963      0.0000000      0.0000000  
  418.0000000   1176.0783691      0.0000000      0.0000000  
  420.0000000   1181.1074219      0.0000000      0.0000000  
  422.0000000   1186.1262207      0.0000000      0.0000000  
  424.0000000   1191.1348877      0.0000000      0.0000000  
  426.0000000   1196.1335449      0.0000000      0.0000000  
  428.0000000   1201.1224365      0.0000000      0.0000000  
  430.0000000   1206.1016846      0.0000000      0.0000000  
  432.0000000   1211.0712891      0.0000000      0.0000000  
  434.0000000   1216.0316162      0.0000000      0.0000000  
  436.0000000   1220.9826660      0.0000000      0.0000000  
  438.0000000   1225.9245605      0.0000000      0.0000000  
  440.0000000   1230.8575439      0.0000000      0.0000000  
  442.0000000   1235.7816162      0.0000000      0.0000000  
  444.0000000   1240.6968994      0.0000000      0.0000000  
  446.0000000   1245.6036377      0.0000000      0.0000000  
  448.0000000   1250.5019531      0.0000000      0.0000000  
  450.0000000   1255.3917236      0.0000000      0.0000000  
  452.0000000   1260.2733154      0.0000000      0.0000000  
  454.0000000   1265.1466064      0.0000000      0.0000000  
  456.0000000   1270.0119629      0.0000000      0.0000000  
  458.0000000   1274.8692627      0.0000000      0.0000000  
  460.0000000   1279.7187500      0.0000000      0.0000000  
  462.0000000   1284.5604248      0.0000000      0.0000000  
  464.0000000   1289.3944092      0.0000000      0.0000000  
  466.0000000   1294.2207031      0.0000000      0.0000000  
  468.0000000   1299.0396729      0.0000000      0.0000000  
  470.0000000   1303.8510742      0.0000000      0.0000000  
  472.0000000   1308.6552734      0.0000000      0.0000000  
  474.0000000   1313.4520264      0.0000000      0.0000000  
  476.0000000   1318.2418213      0.0000000      0.0000000  
  478.0000000   1323.0244141      0.0000000      0.0000000  
  480.0000000   1327.7999268      0.0000000      0.0000000  
  482.0000000   1332.5686035      0.0000000      0.0000000  
  484.0000000   1337.3303223      0.0000000      0.0000000  
  486.0000000   1342.0853271      0.0000000      0.0000000  
  488.0000000   1346.8334961      0.0000000      0.0000000  
  490.0000000   1351.5750732      0.0000000      0.0000000  
  492.0000000   1356.3100586      0.0000000      0.0000000  
  494.0000000   1361.0384521      0.0000000      0.0000000  
  496.0000000   1365.7604980      0.0000000      0.0000000  
  498.0000000   1370.4759521      0.0000000      0.0000000  
  500.0000000   1375.1531982      0.0000000      0.0000000  
  502.0000000   1379.8404541      0.0000000      0.0000000  
  504.0000000   1384.2181396      0.0000000      0.0000000  
  506.0000000   1388.5224609      0.0000000      0.0000000  
  508.0000000   1392.7316895      0.0000000      0.0000000  
  510.0000000   1396.7449951      0.0000000      0.0000000  
  512.0000000   1400.7457275      0.0000000      0.0000000  
  514.0000000   1404.6839600      0.0000000      0.0000000  
  516.0000000   1408.4631348      0.0000000      0.0000000  
  518.0000000   1412.2292480      0.0000000      0.0000000  
  520.0000000   1415.9455566      0.0000000      0.0000000  
  522.0000000   1419.5338135      0.0000000      0.0000000  
  524.0000000   1423.0999756      0.0000000      0.0000000  
  526.0000000   1426.6220703      0.0000000      0.0000000  
  528.0000000   1430.0416260      0.0000000      0.0000000  
  530.0000000   1433.4301758      0.0000000      0.0000000  
  532.0000000   1436.7773438      0.0000000      0.0000000  
  534.0000000   1440.0808105      0.0000000      0.0000000  
  536.0000000   1443.2861328      0.0000000      0.0000000  
  538.0000000   1446.4642334      0.0000000      0.0000000  
  540.0000000   1449.6062012      0.0000000      0.0000000  
  542.0000000   1452.7087402      0.0000000      0.0000000  
  544.0000000   1455.7210693      0.0000000      0.0000000  
  546.0000000   1458.7066650      0.0000000      0.0000000  
  548.0000000   1461.6596680      0.0000000      0.0000000  
  550.0000000   1464.5423584      0.0000000      0.0000000  
  552.0000000   1467.3925781      0.0000000      0.0000000  
  554.0000000   1470.2092285      0.0000000      0.0000000  
  556.0000000   1472.9908447      0.0000000      0.0000000  
  558.0000000   1475.7066650      0.0000000      0.0000000  
  560.0000000   1478.3892822      0.0000000      0.0000000  
  562.0000000   1481.0399170      0.0000000      0.0000000  
  564.0000000   1483.6571045      0.0000000      0.0000000  
  566.0000000   1486.2153320      0.0000000      0.0000000  
  568.0000000   1488.7401123      0.0000000      0.0000000  
  570.0000000   1491.2337646      0.0000000      0.0000000  
  572.0000000   1493.6956787      0.0000000      0.0000000  
  574.0000000   1496.1253662      0.0000000      0.0000000  
  576.0000000   1498.4964600      0.0000000      0.0000000  
  578.0000000   1500.8358154      0.0000000      0.0000000  
  580.0000000   1503.1466064      0.0000000      0.0000000  
  582.0000000   1505.4279785      0.0000000      0.0000000  
  584.0000000   1507.6585693      0.0000000      0.0000000  
  586.0000000   1509.8571777      0.0000000      0.0000000  
  588.0000000   1512.0274658      0.0000000      0.0000000  
  590.0000000   1514.1691895      0.0000000      0.0000000  
  592.0000000   1516.2659912      0.0000000      0.0000000  
  594.0000000   1518.3310547      0.0000000      0.0000000  
  596.0000000   1520.3676758      0.0000000      0.0000000  
  598.0000000   1522.3763428      0.0000000      0.0000000  
  600.0000000   1524.3565674      0.0000000      0.0000000  
  602.0000000   1526.2938232      0.0000000      0.0000000  
  604.0000000   1528.1998291      0.0000000      0.0000000  
  606.0000000   1530.0784912      0.0000000      0.0000000  
  608.0000000   1531.9301758      0.0000000      0.0000000  
  610.0000000   1533.7547607      0.0000000      0.0000000  
  612.0000000   1535.5393066      0.0000000      0.0000000  
  614.0000000   1537.2934570      0.0000000      0.0000000  
  616.0000000   1539.0208740      0.0000000      0.0000000  
  618.0000000   1540.7225342      0.0000000      0.0000000  
  620.0000000   1542.3980713      0.0000000      0.0000000  
  622.0000000   1544.0364990      0.0000000      0.0000000  
  624.0000000   1545.6453857      0.0000000      0.0000000  
  626.0000000   1547.2282715      0.0000000      0.0000000  
  628.0000000   1548.7860107      0.0000000      0.0000000  
  630.0000000   1550.3186035      0.0000000      0.0000000  
  632.0000000   1551.8171387      0.0000000      0.0000000  
  634.0000000   1553.2868652      0.0000000      0.0000000  
  636.0000000   1554.7312012      0.0000000      0.0000000  
  638.0000000   1556.1508789      0.0000000      0.0000000  
  640.0000000   1557.5461426      0.0000000      0.0000000  
  642.0000000   1558.9100342      0.0000000      0.0000000  
  644.0000000   1560.2460938      0.0000000      0.0000000  
  646.0000000   1561.5572510      0.0000000      0.0000000  
  648.0000000   1562.8442383      0.0000000      0.0000000  
  650.0000000   1564.1074219      0.0000000      0.0000000  
  652.0000000   1565.3466797      0.0000000      0.0000000  
  654.0000000   1566.5560303      0.0000000      0.0000000  
  656.0000000   1567.7385254      0.0000000      0.0000000  
  658.0000000   1568.8966064      0.0000000      0.0000000  
  660.0000000   1570.0312500      0.0000000      0.0000000  
  662.0000000   1571.1429443      0.0000000      0.0000000  
  664.0000000   1572.2316895      0.0000000      0.0000000  
  666.0000000   1573.2922363      0.0000000      0.0000000  
  668.0000000   1574.3267822      0.0000000      0.0000000  
  670.0000000   1575.3376465      0.0000000      0.0000000  
  672.0000000   1576.3259277      0.0000000      0.0000000  
  674.0000000   1577.2918701      0.0000000      0.0000000  
  676.0000000   1578.2354736      0.0000000      0.0000000  
  678.0000000   1579.1528320      0.0000000      0.0000000  
  680.0000000   1580.0451660      0.0000000      0.0000000  
  682.0000000   1580.9144287      0.0000000      0.0000000  
  684.0000000   1581.7617188      0.0000000      0.0000000  
  686.0000000   1582.5871582      0.0000000      0.0000000  
  688.0000000   1583.3909912      0.0000000      0.0000000  
  690.0000000   1584.1733398      0.0000000      0.0000000  
  692.0000000   1584.9305420      0.0000000      0.0000000  
  694.0000000   1585.6636963      0.0000000      0.0000000  
  696.0000000   1586.3745117      0.0000000      0.0000000  
  698.0000000   1587.0638428      0.0000000      0.0000000  
  700.0000000   1587.7321777      0.0000000      0.0000000  
  702.0000000   1588.3796387      0.0000000      0.0000000  
  704.0000000   1589.0062256      0.0000000      0.0000000  
  706.0000000   1589.6120605      0.0000000      0.0000000  
  708.0000000   1590.1938477      0.0000000      0.0000000  
  710.0000000   1590.7525635      0.0000000      0.0000000  
  712.0000000   1591.2895508      0.0000000      0.0000000  
  714.0000000   1591.8059082      0.0000000      0.0000000  
  716.0000000   1592.3020020      0.0000000      0.0000000  
  718.0000000   1592.7780762      0.0000000      0.0000000  
  720.0000000   1593.2340088      0.0000000      0.0000000  
  722.0000000   1593.6699219      0.0000000      0.0000000  
  724.0000000   1594.0832520      0.0000000      0.0000000  
  726.0000000   1594.4743652      0.0000000      0.0000000  
  728.0000000   1594.8444824      0.0000000      0.0000000  
  730.0000000   1595.1948242      0.0000000      0.0000000  
  732.0000000   1595.5253906      0.0000000      0.0000000  
  734.0000000   1595.8366699      0.0000000      0.0000000  
  736.0000000   1596.1284180      0.0000000      0.0000000  
  738.0000000   1596.4010010      0.0000000      0.0000000  
  740.0000000   1596.6541748      0.0000000      0.0000000  
  742.0000000   1596.8858643      0.0000000      0.0000000  
  744.0000000   1597.0964355      0.0000000      0.0000000  
  746.0000000   1597.2867432      0.0000000      0.0000000  
  748.0000000   1597.4578857      0.0000000      0.0000000  
  750.0000000   1597.6099854      0.0000000      0.0000000  
  752.0000000   1597.7432861      0.0000000      0.0000000  
  754.0000000   1597.8580322      0.0000000      0.0000000  
  756.0000000   1597.9541016      0.0000000      0.0000000  
  758.0000000   1598.0314941      0.0000000      0.0000000  
  760.0000000   1598.0903320      0.0000000      0.0000000  
  762.0000000   1598.1289062      0.0000000      0.0000000  
  764.0000000   1598.1470947      0.0000000      0.0000000  
  766.0000000   1598.1461182      0.0000000      0.0000000  
  768.0000000   1598.1264648      0.0000000      0.0000000  
  770.0000000   1598.0885010      0.0000000      0.0000000  
  772.0000000   1598.0324707      0.0000000      0.0000000  
  774.0000000   1597.9583740      0.0000000      0.0000000  
  776.0000000   1597.8663330      0.0000000      0.0000000  
  778.0000000   1597.7563477      0.0000000      0.0000000  
  780.0000000   1597.6285400      0.0000000      0.0000000  
  782.0000000   1597.4827881      0.0000000      0.0000000  
  784.0000000   1597.3192139      0.0000000      0.0000000  
  786.0000000   1597.1379395      0.0000000      0.0000000  
  788.0000000   1596.9373779      0.0000000      0.0000000  
  790.0000000   1596.7175293      0.0000000      0.0000000  
  792.0000000   1596.4792480      0.0000000      0.0000000  
  794.0000000   1596.2232666      0.0000000      0.0000000  
  796.0000000   1595.9497070      0.0000000      0.0000000  
  798.0000000   1595.6588135      0.0000000      0.0000000  
  800.0000000   1595.3507080      0.0000000      0.0000000  
  802.0000000   1595.0253906      0.0000000      0.0000000  
  804.0000000   1594.6829834      0.0000000      0.0000000  
  806.0000000   1594.3233643      0.0000000      0.0000000  
  808.0000000   1593.9467773      0.0000000      0.0000000  
  810.0000000   1593.5529785      0.0000000      0.0000000  
  812.0000000   1593.1422119      0.0000000      0.0000000  
  814.0000000   1592.7144775      0.0000000      0.0000000  
  816.0000000   1592.2697754      0.0000000      0.0000000  
  818.0000000   1591.8082275      0.0000000      0.0000000  
  820.0000000   1591.3297119      0.0000000      0.0000000  
  822.0000000   1590.8344727      0.0000000      0.0000000  
  824.0000000   1590.3223877      0.0000000      0.0000000  
  826.0000000   1589.7935791      0.0000000      0.0000000  
  828.0000000   1589.2480469      0.0000000      0.0000000  
  830.0000000   1588.6857910      0.0000000      0.0000000  
  832.0000000   1588.1058350      0.0000000      0.0000000  
  834.0000000   1587.5080566      0.0000000      0.0000000  
  836.0000000   1586.8929443      0.0000000      0.0000000  
  838.0000000   1586.2612305      0.0000000      0.0000000  
  840.0000000   1585.6131592      0.0000000      0.0000000  
  842.0000000   1584.9489746      0.0000000      0.0000000  
  844.0000000   1584.2686768      0.0000000      0.0000000  
  846.0000000   1583.5723877      0.0000000      0.0000000  
  848.0000000   1582.8599854      0.0000000      0.0000000  
  850.0000000   1582.1317139      0.0000000      0.0000000  
  852.0000000   1581.3873291      0.0000000      0.0000000  
  854.0000000   1580.6270752      0.0000000      0.0000000  
  856.0000000   1579.8508301      0.0000000      0.0000000  
  858.0000000   1579.0585938      0.0000000      0.0000000  
  860.0000000   1578.2506104      0.0000000      0.0000000  
  862.0000000   1577.4266357      0.0000000      0.0000000  
  864.0000000   1576.5870361      0.0000000      0.0000000  
  866.0000000   1575.7314453      0.0000000      0.0000000  
  868.0000000   1574.8602295      0.0000000      0.0000000  
  870.0000000   1573.9732666      0.0000000      0.0000000  
  872.0000000   1573.0706787      0.0000000      0.0000000  
  874.0000000   1572.1523438      0.0000000      0.0000000  
  876.0000000   1571.2185059      0.0000000      0.0000000  
  878.0000000   1570.2690430      0.0000000      0.0000000  
  880.0000000   1569.3040771      0.0000000      0.0000000  
  882.0000000   1568.3236084      0.0000000      0.0000000  
  884.0000000   1567.3277588      0.0000000      0.0000000  
  886.0000000   1566.3175049      0.0000000      0.0000000  
  888.0000000   1565.2929688      0.0000000      0.0000000  
  890.0000000   1564.2536621      0.0000000      0.0000000  
  892.0000000   1563.1990967      0.0000000      0.0000000  
  894.0000000   1562.1290283      0.0000000      0.0000000  
  896.0000000   1561.0434570      0.0000000      0.0000000  
  898.0000000   1559.9422607      0.0000000      0.0000000  
  900.0000000   1558.8256836      0.0000000      0.0000000  
  902.0000000   1557.6936035      0.0000000      0.0000000  
  904.0000000   1556.5462646      0.0000000      0.0000000  
  906.0000000   1555.3835449      0.0000000      0.0000000  
  908.0000000   1554.2056885      0.0000000      0.0000000  
  910.0000000   1553.0126953      0.0000000      0.0000000  
  912.0000000   1551.8044434      0.0000000      0.0000000  
  914.0000000   1550.5812988      0.0000000      0.0000000  
  916.0000000   1549.3431396      0.0000000      0.0000000  
  918.0000000   1548.0899658      0.0000000      0.0000000  
  920.0000000   1546.8218994      0.0000000      0.0000000  
  922.0000000   1545.5389404      0.0000000      0.0000000  
  924.0000000   1544.2424316      0.0000000      0.0000000  
  926.0000000   1542.9322510      0.0000000      0.0000000  
  928.0000000   1541.6076660      0.0000000      0.0000000  
  930.0000000   1540.2683105      0.0000000      0.0000000  
  932.0000000   1538.9138184      0.0000000      0.0000000  
  934.0000000   1537.5444336      0.0000000      0.0000000  
  936.0000000   1536.1600342      0.0000000      0.0000000  
  938.0000000   1534.7606201      0.0000000      0.0000000  
  940.0000000   1533.3464355      0.0000000      0.0000000  
  942.0000000   1531.9173584      0.0000000      0.0000000  
  944.0000000   1530.4737549      0.0000000      0.0000000  
  946.0000000   1529.0167236      0.0000000      0.0000000  
  948.0000000   1527.5462646      0.0000000      0.0000000  
  950.0000000   1526.0616455      0.0000000      0.0000000  
  952.0000000   1524.5622559      0.0000000      0.0000000  
  954.0000000   1523.0480957      0.0000000      0.0000000  
  956.0000000   1521.5190430      0.0000000      0.0000000  
  958.0000000   1519.9752197      0.0000000      0.0000000  
  960.0000000   1518.4166260      0.0000000      0.0000000  
  962.0000000   1516.8435059      0.0000000      0.0000000  
  964.0000000   1515.2573242      0.0000000      0.0000000  
  966.0000000   1513.6577148      0.0000000      0.0000000  
  968.0000000   1512.0439453      0.0000000      0.0000000  
  970.0000000   1510.4155273      0.0000000      0.0000000  
  972.0000000   1508.7723389      0.0000000      0.0000000  
  974.0000000   1507.1145020      0.0000000      0.0000000  
  976.0000000   1505.4421387      0.0000000      0.0000000  
  978.0000000   1503.7567139      0.0000000      0.0000000  
  980.0000000   1502.0579834      0.0000000      0.0000000  
  982.0000000   1500.3449707      0.0000000      0.0000000  
  984.0000000   1498.6173096      0.0000000      0.0000000  
  986.0000000   1496.8750000      0.0000000      0.0000000  
  988.0000000   1495.1180420      0.0000000      0.0000000  
  990.0000000   1493.3482666      0.0000000      0.0000000  
  992.0000000   1491.5650635      0.0000000      0.0000000  
  994.0000000   1489.7675781      0.0000000      0.0000000  
  996.0000000   1487.9553223      0.0000000      0.0000000  
  998.0000000   1486.1284180      0.0000000      0.0000000  
 1000.0000000   1484.2888184      0.0000000      0.0000000  
 1002.0000000   1482.4357910      0.0000000      0.0000000  
 1004.0000000   1480.5682373      0.0000000      0.0000000  
 1006.0000000   1478.6857910      0.0000000      0.0000000  
 1008.0000000   1476.7910156      0.0000000      0.0000000  
 1010.0000000   1474.8825684      0.0000000      0.0000000  
 1012.0000000   1472.9593506      0.0000000      0.0000000  
 1014.0000000   1471.0209961      0.0000000      0.0000000  
 1016.0000000   1469.0677490      0.0000000      0.0000000  
 1018.0000000   1467.1022949      0.0000000      0.0000000  
 1020.0000000   1465.1230469      0.0000000      0.0000000  
 1022.0000000   1463.1290283      0.0000000      0.0000000  
 1024.0000000   1461.1201172      0.0000000      0.0000000  
 1026.0000000   1459.0988770      0.0000000      0.0000000  
 1028.0000000   1457.0638428      0.0000000      0.0000000  
 1030.0000000   1455.0137939      0.0000000      0.0000000  
 1032.0000000   1452.9517822      0.0000000      0.0000000  
 1034.0000000   1450.8754883      0.0000000      0.0000000  
 1036.0000000   1448.7835693      0.0000000      0.0000000  
 1038.0000000   1446.6801758      0.0000000      0.0000000  
 1040.0000000   1444.5618896      0.0000000      0.0000000  
 1042.0000000   1442.4277344      0.0000000      0.0000000  
 1044.0000000   1440.2778320      0.0000000      0.0000000  
 1046.0000000   1438.1165771      0.0000000      0.0000000  
 1048.0000000   1435.9405518      0.0000000      0.0000000  
 1050.0000000   1433.7535400      0.0000000      0.0000000  
 1052.0000000   1431.5507812      0.0000000      0.0000000  
 1054.0000000   1429.3312988      0.0000000      0.0000000  
 1056.0000000   1427.1009521      0.0000000      0.0000000  
 1058.0000000   1424.8543701      0.0000000      0.0000000  
 1060.0000000   1422.5910645      0.0000000      0.0000000  
 1062.0000000   1420.3171387      0.0000000      0.0000000  
 1064.0000000   1418.0268555      0.0000000      0.0000000  
 1066.0000000   1415.7261963      0.0000000      0.0000000  
 1068.0000000   1413.4077148      0.0000000      0.0000000  
 1070.0000000   1411.0793457      0.0000000      0.0000000  
 1072.0000000   1408.7316895      0.0000000      0.0000000  
 1074.0000000   1406.3656006      0.0000000      0.0000000  
 1076.0000000   1403.9906006      0.0000000      0.0000000  
 1078.0000000   1401.5968018      0.0000000      0.0000000  
 1080.0000000   1399.1937256      0.0000000      0.0000000  
 1082.0000000   1396.7702637      0.0000000      0.0000000  
 1084.0000000   1394.3378906      0.0000000      0.0000000  
 1086.0000000   1391.8962402      0.0000000      0.0000000  
 1088.0000000   1389.4274902      0.0000000      0.0000000  
 1090.0000000   1386.9521484      0.0000000      0.0000000  
 1092.0000000   1384.4500732      0.0000000      0.0000000  
 1094.0000000   1381.9427490      0.0000000      0.0000000  
 1096.0000000   1379.4255371      0.0000000      0.0000000  
 1098.0000000   1376.8736572      0.0000000      0.0000000  
 1100.0000000   1374.3200684      0.0000000      0.0000000  
 1102.0000000   1371.7541504      0.0000000      0.0000000  
 1104.0000000   1369.1674805      0.0000000      0.0000000  
 1106.0000000   1366.5498047      0.0000000      0.0000000  
 1108.0000000   1363.9090576      0.0000000      0.0000000  
 1110.0000000   1361.2559814      0.0000000      0.0000000  
 1112.0000000   1358.5915527      0.0000000      0.0000000  
 1114.0000000   1355.9160156      0.0000000      0.0000000  
 1116.0000000   1353.2298584      0.0000000      0.0000000  
 1118.0000000   1350.5330811      0.0000000      0.0000000  
 1120.0000000   1347.8260498      0.0000000      0.0000000  
 1122.0000000   1345.1087646      0.0000000      0.0000000  
 1124.0000000   1342.3814697      0.0000000      0.0000000  
 1126.0000000   1339.6441650      0.0000000      0.0000000  
 1128.0000000   1336.8970947      0.0000000      0.0000000  
 1130.0000000   1334.1403809      0.0000000      0.0000000  
 1132.0000000   1331.3739014      0.0000000      0.0000000  
 1134.0000000   1328.5980225      0.0000000      0.0000000  
 1136.0000000   1325.8127441      0.0000000      0.0000000  
 1138.0000000   1323.0180664      0.0000000      0.0000000  
 1140.0000000   1320.2142334      0.0000000      0.0000000  
 1142.0000000   1317.4012451      0.0000000      0.0000000  
 1144.0000000   1314.5791016      0.0000000      0.0000000  
 1146.0000000   1311.7480469      0.0000000      0.0000000  
 1148.0000000   1308.9080811      0.0000000      0.0000000  
 1150.0000000   1306.0593262      0.0000000      0.0000000  
 1152.0000000   1303.2017822      0.0000000      0.0000000  
 1154.0000000   1300.3355713      0.0000000      0.0000000  
 1156.0000000   1297.4608154      0.0000000      0.0000000  
 1158.0000000   1294.5775146      0.0000000      0.0000000  
 1160.0000000   1291.6857910      0.0000000      0.0000000  
 1162.0000000   1288.7856445      0.0000000      0.0000000  
 1164.0000000   1285.8773193      0.0000000      0.0000000  
 1166.0000000   1282.9606934      0.0000000      0.0000000  
 1168.0000000   1280.0360107      0.0000000      0.0000000  
 1170.0000000   1277.1032715      0.0000000      0.0000000  
 1172.0000000   1274.1624756      0.0000000      0.0000000  
 1174.0000000   1271.2137451      0.0000000      0.0000000  
 1176.0000000   1268.2572021      0.0000000      0.0000000  
 1178.0000000   1265.2928467      0.0000000      0.0000000  
 1180.0000000   1262.3208008      0.0000000      0.0000000  
 1182.0000000   1259.3411865      0.0000000      0.0000000  
 1184.0000000   1256.3538818      0.0000000      0.0000000  
 1186.0000000   1253.3591309      0.0000000      0.0000000  
 1188.0000000   1250.3569336      0.0000000      0.0000000  
 1190.0000000   1247.3474121      0.0000000      0.0000000  
 1192.0000000   1244.3305664      0.0000000      0.0000000  
 1194.0000000   1241.3065186      0.0000000      0.0000000  
 1196.0000000   1238.2752686      0.0000000      0.0000000  
 1198.0000000   1235.2369385      0.0000000      0.0000000  
 1200.0000000   1232.1916504      0.0000000      0.0000000  
 1202.0000000   1229.1394043      0.0000000      0.0000000  
 1204.0000000   1226.0802002      0.0000000      0.0000000  
 1206.0000000   1223.0142822      0.0000000      0.0000000  
 1208.0000000   1219.9415283      0.0000000      0.0000000  
 1210.0000000   1216.8620605      0.0000000      0.0000000  
 1212.0000000   1213.7760010      0.0000000      0.0000000  
 1214.0000000   1210.6834717      0.0000000      0.0000000  
 1216.0000000   1207.5843506      0.0000000      0.0000000  
 1218.0000000   1204.4788818      0.0000000      0.0000000  
 1220.0000000   1201.3670654      0.0000000      0.0000000  
 1222.0000000   1198.2489014      0.0000000      0.0000000  
 1224.0000000   1195.1246338      0.0000000      0.0000000  
 1226.0000000   1191.9941406      0.0000000      0.0000000  
 1228.0000000   1188.8575439      0.0000000      0.0000000  
 1230.0000000   1185.7149658      0.0000000      0.0000000  
 1232.0000000   1182.5664062      0.0000000      0.0000000  
 1234.0000000   1179.4119873      0.0000000      0.0000000  
 1236.0000000   1176.2517090      0.0000000      0.0000000  
 1238.0000000   1173.0856934      0.0000000      0.0000000  
 1240.0000000   1169.9140625      0.0000000      0.0000000  
 1242.0000000   1166.7366943      0.0000000      0.0000000  
 1244.0000000   1163.5538330      0.0000000      0.0000000  
 1246.0000000   1160.3653564      0.0000000      0.0000000  
 1248.0000000   1157.1716309      0.0000000      0.0000000  
 1250.0000000   1153.9724121      0.0000000      0.0000000  
 1252.0000000   1150.7679443      0.0000000      0.0000000  
 1254.0000000   1147.5582275      0.0000000      0.0000000  
 1256.0000000   1144.3432617      0.0000000      0.0000000  
 1258.0000000   1141.1232910      0.0000000      0.0000000  
 1260.0000000   1137.8983154      0.0000000      0.0000000  
 1262.0000000   1134.6682129      0.0000000      0.0000000  
 1264.0000000   1131.4333496      0.0000000      0.0000000  
 1266.0000000   1128.1934814      0.0000000      0.0000000  
 1268.0000000   1124.9489746      0.0000000      0.0000000  
 1270.0000000   1121.6997070      0.0000000      0.0000000  
 1272.0000000   1118.4456787      0.0000000      0.0000000  
 1274.0000000   1115.1871338      0.0000000      0.0000000  
 1276.0000000   1111.9240723      0.0000000      0.0000000  
 1278.0000000   1108.6566162      0.0000000      0.0000000  
 1280.0000000   1105.3846436      0.0000000      0.0000000  
 1282.0000000   1102.1083984      0.0000000      0.0000000  
 1284.0000000   1098.8278809      0.0000000      0.0000000  
 1286.0000000   1095.5430908      0.0000000      0.0000000  
 1288.0000000   1092.2541504      0.0000000      0.0000000  
 1290.0000000   1088.9611816      0.0000000      0.0000000  
 1292.0000000   1085.6641846      0.0000000      0.0000000  
 1294.0000000   1082.3632812      0.0000000      0.0000000  
 1296.0000000   1079.0583496      0.0000000      0.0000000  
 1298.0000000   1075.7497559      0.0000000      0.0000000  
 1300.0000000   1072.4372559      0.0000000      0.0000000  