
################### OUTPUT FILE : soprahtf ###################


TIME (ns)  SURFACE TEMPERATURE(K), MELT DEPTH(A) & EVAPN. DEPTH(A)

    0.0000000   1000.0000000      0.0000000      0.0000000  
    0.0000000      0.0000000      0.0000000      0.0000000  
    2.0000000   1000.0000000      0.0000000      0.0000000  
    4.0000000   1000.1810913      0.0000000      0.0000000  
    6.0000000   1000.4583740      0.0000000      0.0000000  
    8.0000000   1000.8079834      0.0000000      0.0000000  
   10.0000000   1001.2180176      0.0000000      0.0000000  
   12.0000000   1001.6809082      0.0000000      0.0000000  
   14.0000000   1002.1914062      0.0000000      0.0000000  
   16.0000000   1002.7457275      0.0000000      0.0000000  
   18.0000000   1003.3406982      0.0000000      0.0000000  
   20.0000000   1003.9738770      0.0000000      0.0000000  
   22.0000000   1004.6431885      0.0000000      0.0000000  
   24.0000000   1005.3468628      0.0000000      0.0000000  
   26.0000000   1006.0834351      0.0000000      0.0000000  
   28.0000000   1006.8516235      0.0000000      0.0000000  
   30.0000000   1007.6501465      0.0000000      0.0000000  
   32.0000000   1008.4781494      0.0000000      0.0000000  
   34.0000000   1009.3345337      0.0000000      0.0000000  
   36.0000000   1010.2186279      0.0000000      0.0000000  
   38.0000000   1011.1295776      0.0000000      0.0000000  
   40.0000000   1012.0667725      0.0000000      0.0000000  
   42.0000000   1013.0294800      0.0000000      0.0000000  
   44.0000000   1014.0172119      0.0000000      0.0000000  
   46.0000000   1015.0294189      0.0000000      0.0000000  
   48.0000000   1016.0655518      0.0000000      0.0000000  
   50.0000000   1017.1252441      0.0000000      0.0000000  
   52.0000000   1018.2079468      0.0000000      0.0000000  
   54.0000000   1019.3133545      0.0000000      0.0000000  
   56.0000000   1020.4411011      0.0000000      0.0000000  
   58.0000000   1021.5907593      0.0000000      0.0000000  
   60.0000000   1022.7620239      0.0000000      0.0000000  
   62.0000000   1023.9545898      0.0000000      0.0000000  
   64.0000000   1025.1682129      0.0000000      0.0000000  
   66.0000000   1026.4025879      0.0000000      0.0000000  
   68.0000000   1027.6573486      0.0000000      0.0000000  
   70.0000000   1028.9323730      0.0000000      0.0000000  
   72.0000000   1030.2274170      0.0000000      0.0000000  
   74.0000000   1031.5422363      0.0000000      0.0000000  
   76.0000000   1032.8765869      0.0000000      0.0000000  
   78.0000000   1034.2302246      0.0000000      0.0000000  
   80.0000000   1035.6031494      0.0000000      0.0000000  
   82.0000000   1036.9949951      0.0000000      0.0000000  
   84.0000000   1038.4056396      0.0000000      0.0000000  
   86.0000000   1039.8349609      0.0000000      0.0000000  
   88.0000000   1041.2827148      0.0000000      0.0000000  
   90.0000000   1042.7487793      0.0000000      0.0000000  
   92.0000000   1044.2330322      0.0000000      0.0000000  
   94.0000000   1045.7352295      0.0000000      0.0000000  
   96.0000000   1047.2554932      0.0000000      0.0000000  
   98.0000000   1048.7934570      0.0000000      0.0000000  
  100.0000000   1050.3491211      0.0000000      0.0000000  
  102.0000000   1051.9222412      0.0000000      0.0000000  
  104.0000000   1053.5128174      0.0000000      0.0000000  
  106.0000000   1055.1207275      0.0000000      0.0000000  
  108.0000000   1056.7458496      0.0000000      0.0000000  
  110.0000000   1058.3881836      0.0000000      0.0000000  
  112.0000000   1060.0473633      0.0000000      0.0000000  
  114.0000000   1061.7236328      0.0000000      0.0000000  
  116.0000000   1063.4166260      0.0000000      0.0000000  
  118.0000000   1065.1264648      0.0000000      0.0000000  
  120.0000000   1066.8529053      0.0000000      0.0000000  
  122.0000000   1068.5959473      0.0000000      0.0000000  
  124.0000000   1070.3554688      0.0000000      0.0000000  
  126.0000000   1072.1315918      0.0000000      0.0000000  
  128.0000000   1073.9239502      0.0000000      0.0000000  
  130.0000000   1075.7326660      0.0000000      0.0000000  
  132.0000000   1077.5577393      0.0000000      0.0000000  
  134.0000000   1079.3989258      0.0000000      0.0000000  
  136.0000000   1081.2562256      0.0000000      0.0000000  
  138.0000000   1083.1295166      0.0000000      0.0000000  
  140.0000000   1085.0189209      0.0000000      0.0000000  
  142.0000000   1086.9243164      0.0000000      0.0000000  
  144.0000000   1088.8457031      0.0000000      0.0000000  
  146.0000000   1090.7828369      0.0000000      0.0000000  
  148.0000000   1092.7358398      0.0000000      0.0000000  
  150.0000000   1094.7045898      0.0000000      0.0000000  
  152.0000000   1096.6890869      0.0000000      0.0000000  
  154.0000000   1098.6893311      0.0000000      0.0000000  
  156.0000000   1100.7052002      0.0000000      0.0000000  
  158.0000000   1102.7366943      0.0000000      0.0000000  
  160.0000000   1104.7836914      0.0000000      0.0000000  
  162.0000000   1106.8463135      0.0000000      0.0000000  
  164.0000000   1108.9245605      0.0000000      0.0000000  
  166.0000000   1111.0181885      0.0000000      0.0000000  
  168.0000000   1113.1271973      0.0000000      0.0000000  
  170.0000000   1115.2517090      0.0000000      0.0000000  
  172.0000000   1117.3917236      0.0000000      0.0000000  
  174.0000000   1119.5469971      0.0000000      0.0000000  
  176.0000000   1121.7176514      0.0000000      0.0000000  
  178.0000000   1123.9035645      0.0000000      0.0000000  
  180.0000000   1126.1048584      0.0000000      0.0000000  
  182.0000000   1128.3215332      0.0000000      0.0000000  
  184.0000000   1130.5533447      0.0000000      0.0000000  
  186.0000000   1132.8004150      0.0000000      0.0000000  
  188.0000000   1135.0627441      0.0000000      0.0000000  
  190.0000000   1137.3403320      0.0000000      0.0000000  
  192.0000000   1139.6330566      0.0000000      0.0000000  
  194.0000000   1141.9409180      0.0000000      0.0000000  
  196.0000000   1144.2640381      0.0000000      0.0000000  
  198.0000000   1146.6022949      0.0000000      0.0000000  
  200.0000000   1148.9556885      0.0000000      0.0000000  
  202.0000000   1151.3240967      0.0000000      0.0000000  
  204.0000000   1153.7077637      0.0000000      0.0000000  
  206.0000000   1156.1065674      0.0000000      0.0000000  
  208.0000000   1158.5203857      0.0000000      0.0000000  
  210.0000000   1160.9493408      0.0000000      0.0000000  
  212.0000000   1163.3934326      0.0000000      0.0000000  
  214.0000000   1165.8525391      0.0000000      0.0000000  
  216.0000000   1168.3267822      0.0000000      0.0000000  
  218.0000000   1170.8160400      0.0000000      0.0000000  
  220.0000000   1173.3204346      0.0000000      0.0000000  
  222.0000000   1175.8398438      0.0000000      0.0000000  
  224.0000000   1178.3742676      0.0000000      0.0000000  
  226.0000000   1180.9238281      0.0000000      0.0000000  
  228.0000000   1183.4885254      0.0000000      0.0000000  
  230.0000000   1186.0681152      0.0000000      0.0000000  
  232.0000000   1188.6629639      0.0000000      0.0000000  
  234.0000000   1191.2727051      0.0000000      0.0000000  
  236.0000000   1193.8975830      0.0000000      0.0000000  
  238.0000000   1196.5374756      0.0000000      0.0000000  
  240.0000000   1199.1925049      0.0000000      0.0000000  
  242.0000000   1201.8626709      0.0000000      0.0000000  
  244.0000000   1204.5477295      0.0000000      0.0000000  
  246.0000000   1207.2480469      0.0000000      0.0000000  
  248.0000000   1209.9633789      0.0000000      0.0000000  
  250.0000000   1212.6937256      0.0000000      0.0000000  
  252.0000000   1215.4392090      0.0000000      0.0000000  
  254.0000000   1218.1998291      0.0000000      0.0000000  
  256.0000000   1220.9755859      0.0000000      0.0000000  
  258.0000000   1223.7664795      0.0000000      0.0000000  
  260.0000000   1226.5723877      0.0000000      0.0000000  
  262.0000000   1229.3934326      0.0000000      0.0000000  
  264.0000000   1232.2297363      0.0000000      0.0000000  
  266.0000000   1235.0810547      0.0000000      0.0000000  
  268.0000000   1237.9476318      0.0000000      0.0000000  
  270.0000000   1240.8293457      0.0000000      0.0000000  
  272.0000000   1243.7263184      0.0000000      0.0000000  
  274.0000000   1246.6383057      0.0000000      0.0000000  
  276.0000000   1249.5656738      0.0000000      0.0000000  
  278.0000000   1252.5081787      0.0000000      0.0000000  
  280.0000000   1255.4659424      0.0000000      0.0000000  
  282.0000000   1258.4388428      0.0000000      0.0000000  
  284.0000000   1261.4271240      0.0000000      0.0000000  
  286.0000000   1264.4306641      0.0000000      0.0000000  
  288.0000000   1267.4494629      0.0000000      0.0000000  
  290.0000000   1270.4835205      0.0000000      0.0000000  
  292.0000000   1273.5328369      0.0000000      0.0000000  
  294.0000000   1276.5975342      0.0000000      0.0000000  
  296.0000000   1279.6776123      0.0000000      0.0000000  
  298.0000000   1282.7730713      0.0000000      0.0000000  
  300.0000000   1285.8837891      0.0000000      0.0000000  
  302.0000000   1289.0100098      0.0000000      0.0000000  
  304.0000000   1291.9476318      0.0000000      0.0000000  
  306.0000000   1294.7885742      0.0000000      0.0000000  
  308.0000000   1297.5595703      0.0000000      0.0000000  
  310.0000000   1300.2741699      0.0000000      0.0000000  
  312.0000000   1302.9406738      0.0000000      0.0000000  
  314.0000000   1305.5651855      0.0000000      0.0000000  
  316.0000000   1308.1520996      0.0000000      0.0000000  
  318.0000000   1310.7045898      0.0000000      0.0000000  
  320.0000000   1313.2257080      0.0000000      0.0000000  
  322.0000000   1315.7176514      0.0000000      0.0000000  
  324.0000000   1318.1824951      0.0000000      0.0000000  
  326.0000000   1320.6217041      0.0000000      0.0000000  
  328.0000000   1323.0368652      0.0000000      0.0000000  
  330.0000000   1325.4293213      0.0000000      0.0000000  
  332.0000000   1327.8001709      0.0000000      0.0000000  
  334.0000000   1330.1503906      0.0000000      0.0000000  
  336.0000000   1332.4809570      0.0000000      0.0000000  
  338.0000000   1334.7927246      0.0000000      0.0000000  
  340.0000000   1337.0864258      0.0000000      0.0000000  
  342.0000000   1339.3627930      0.0000000      0.0000000  
  344.0000000   1341.6225586      0.0000000      0.0000000  
  346.0000000   1343.8662109      0.0000000      0.0000000  
  348.0000000   1346.0942383      0.0000000      0.0000000  
  350.0000000   1348.3073730      0.0000000      0.0000000  
  352.0000000   1350.5059814      0.0000000      0.0000000  
  354.0000000   1352.6904297      0.0000000      0.0000000  
  356.0000000   1354.8613281      0.0000000      0.0000000  
  358.0000000   1357.0189209      0.0000000      0.0000000  
  360.0000000   1359.1636963      0.0000000      0.0000000  
  362.0000000   1361.2958984      0.0000000      0.0000000  
  364.0000000   1363.4160156      0.0000000      0.0000000  
  366.0000000   1365.5241699      0.0000000      0.0000000  
  368.0000000   1367.6208496      0.0000000      0.0000000  
  370.0000000   1369.7062988      0.0000000      0.0000000  
  372.0000000   1371.7807617      0.0000000      0.0000000  
  374.0000000   1373.8311768      0.0000000      0.0000000  
  376.0000000   1375.8510742      0.0000000      0.0000000  
  378.0000000   1377.8835449      0.0000000      0.0000000  
  380.0000000   1379.8740234      0.0000000      0.0000000  
  382.0000000   1381.8771973      0.0000000      0.0000000  
  384.0000000   1383.8732910      0.0000000      0.0000000  
  386.0000000   1385.8271484      0.0000000      0.0000000  
  388.0000000   1387.7927246      0.0000000      0.0000000  
  390.0000000   1389.7260742      0.0000000      0.0000000  
  392.0000000   1391.6658936      0.0000000      0.0000000  
  394.0000000   1393.5795898      0.0000000      0.0000000  
  396.0000000   1395.4954834      0.0000000      0.0000000  
  398.0000000   1397.4063721      0.0000000      0.0000000  
  400.0000000   1399.2902832      0.0000000      0.0000000  
  402.0000000   1401.1746826      0.0000000      0.0000000  
  404.0000000   1403.0388184      0.0000000      0.0000000  
  406.0000000   1404.9014893      0.0000000      0.0000000  
  408.0000000   1406.7595215      0.0000000      0.0000000  
  410.0000000   1408.5966797      0.0000000      0.0000000  
  412.0000000   1410.4309082      0.0000000      0.0000000  
  414.0000000   1412.2491455      0.0000000      0.0000000  
  416.0000000   1414.0635986      0.0000000      0.0000000  
  418.0000000   1415.8735352      0.0000000      0.0000000  
  420.0000000   1417.6669922      0.0000000      0.0000000  
  422.0000000   1419.4556885      0.0000000      0.0000000  
  424.0000000   1421.2313232      0.0000000      0.0000000  
  426.0000000   1423.0018311      0.0000000      0.0000000  
  428.0000000   1424.7677002      0.0000000      0.0000000  
  430.0000000   1426.5203857      0.0000000      0.0000000  
  432.0000000   1428.2673340      0.0000000      0.0000000  
  434.0000000   1430.0092773      0.0000000      0.0000000  
  436.0000000   1431.7391357      0.0000000      0.0000000  
  438.0000000   1433.4627686      0.0000000      0.0000000  
  440.0000000   1435.1761475      0.0000000      0.0000000  
  442.0000000   1436.8836670      0.0000000      0.0000000  
  444.0000000   1438.5864258      0.0000000      0.0000000  
  446.0000000   1440.2791748      0.0000000      0.0000000  
  448.0000000   1441.9656982      0.0000000      0.0000000  
  450.0000000   1443.6434326      0.0000000      0.0000000  
  452.0000000   1445.3150635      0.0000000      0.0000000  
  454.0000000   1446.9816895      0.0000000      0.0000000  
  456.0000000   1448.6400146      0.0000000      0.0000000  
  458.0000000   1450.2921143      0.0000000      0.0000000  
  460.0000000   1451.9390869      0.0000000      0.0000000  
  462.0000000   1453.5781250      0.0000000      0.0000000  
  464.0000000   1455.2109375      0.0000000      0.0000000  
  466.0000000   1456.8363037      0.0000000      0.0000000  
  468.0000000   1458.4555664      0.0000000      0.0000000  
  470.0000000   1460.0699463      0.0000000      0.0000000  
  472.0000000   1461.6773682      0.0000000      0.0000000  
  474.0000000   1463.2789307      0.0000000      0.0000000  
  476.0000000   1464.8754883      0.0000000      0.0000000  
  478.0000000   1466.4654541      0.0000000      0.0000000  
  480.0000000   1468.0495605      0.0000000      0.0000000  
  482.0000000   1469.6271973      0.0000000      0.0000000  
  484.0000000   1471.1989746      0.0000000      0.0000000  
  486.0000000   1472.7659912      0.0000000      0.0000000  
  488.0000000   1474.3271484      0.0000000      0.0000000  
  490.0000000   1475.8828125      0.0000000      0.0000000  
  492.0000000   1477.4335938      0.0000000      0.0000000  
  494.0000000   1478.9786377      0.0000000      0.0000000  
  496.0000000   1480.5183105      0.0000000      0.0000000  
  498.0000000   1482.0532227      0.0000000      0.0000000  
  500.0000000   1483.5826416      0.0000000      0.0000000  
  502.0000000   1485.1068115      0.0000000      0.0000000  
  504.0000000   1486.5469971      0.0000000      0.0000000  
  506.0000000   1487.9398193      0.0000000      0.0000000  
  508.0000000   1489.2962646      0.0000000      0.0000000  
  510.0000000   1490.6212158      0.0000000      0.0000000  
  512.0000000   1491.9179688      0.0000000      0.0000000  
  514.0000000   1493.1893311      0.0000000      0.0000000  
  516.0000000   1494.4366455      0.0000000      0.0000000  
  518.0000000   1495.6613770      0.0000000      0.0000000  
  520.0000000   1496.8649902      0.0000000      0.0000000  
  522.0000000   1498.0482178      0.0000000      0.0000000  
  524.0000000   1499.2116699      0.0000000      0.0000000  
  526.0000000   1500.3564453      0.0000000      0.0000000  
  528.0000000   1501.4830322      0.0000000      0.0000000  
  530.0000000   1502.5919189      0.0000000      0.0000000  
  532.0000000   1503.6837158      0.0000000      0.0000000  
  534.0000000   1504.7587891      0.0000000      0.0000000  
  536.0000000   1505.8175049      0.0000000      0.0000000  
  538.0000000   1506.8605957      0.0000000      0.0000000  
  540.0000000   1507.8880615      0.0000000      0.0000000  
  542.0000000   1508.9002686      0.0000000      0.0000000  
  544.0000000   1509.8978271      0.0000000      0.0000000  
  546.0000000   1510.8806152      0.0000000      0.0000000  
  548.0000000   1511.8492432      0.0000000      0.0000000  
  550.0000000   1512.8037109      0.0000000      0.0000000  
  552.0000000   1513.7445068      0.0000000      0.0000000  
  554.0000000   1514.6716309      0.0000000      0.0000000  
  556.0000000   1515.5854492      0.0000000      0.0000000  
  558.0000000   1516.4862061      0.0000000      0.0000000  
  560.0000000   1517.3739014      0.0000000      0.0000000  
  562.0000000   1518.2490234      0.0000000      0.0000000  
  564.0000000   1519.1115723      0.0000000      0.0000000  
  566.0000000   1519.9619141      0.0000000      0.0000000  
  568.0000000   1520.8000488      0.0000000      0.0000000  
  570.0000000   1521.6260986      0.0000000      0.0000000  
  572.0000000   1522.4403076      0.0000000      0.0000000  
  574.0000000   1523.2426758      0.0000000      0.0000000  
  576.0000000   1524.0333252      0.0000000      0.0000000  
  578.0000000   1524.8126221      0.0000000      0.0000000  
  580.0000000   1525.5804443      0.0000000      0.0000000  
  582.0000000   1526.3370361      0.0000000      0.0000000  
  584.0000000   1527.0826416      0.0000000      0.0000000  
  586.0000000   1527.8173828      0.0000000      0.0000000  
  588.0000000   1528.5412598      0.0000000      0.0000000  
  590.0000000   1529.2543945      0.0000000      0.0000000  
  592.0000000   1529.9569092      0.0000000      0.0000000  
  594.0000000   1530.6488037      0.0000000      0.0000000  
  596.0000000   1531.3303223      0.0000000      0.0000000  
  598.0000000   1532.0015869      0.0000000      0.0000000  
  600.0000000   1532.6627197      0.0000000      0.0000000  
  602.0000000   1533.3137207      0.0000000      0.0000000  
  604.0000000   1533.9547119      0.0000000      0.0000000  
  606.0000000   1534.5858154      0.0000000      0.0000000  
  608.0000000   1535.2070312      0.0000000      0.0000000  
  610.0000000   1535.8186035      0.0000000      0.0000000  
  612.0000000   1536.4205322      0.0000000      0.0000000  
  614.0000000   1537.0128174      0.0000000      0.0000000  
  616.0000000   1537.5954590      0.0000000      0.0000000  
  618.0000000   1538.1688232      0.0000000      0.0000000  
  620.0000000   1538.7327881      0.0000000      0.0000000  
  622.0000000   1539.2874756      0.0000000      0.0000000  
  624.0000000   1539.8328857      0.0000000      0.0000000  
  626.0000000   1540.3692627      0.0000000      0.0000000  
  628.0000000   1540.8966064      0.0000000      0.0000000  
  630.0000000   1541.4150391      0.0000000      0.0000000  
  632.0000000   1541.9245605      0.0000000      0.0000000  
  634.0000000   1542.4251709      0.0000000      0.0000000  
  636.0000000   1542.9169922      0.0000000      0.0000000  
  638.0000000   1543.4002686      0.0000000      0.0000000  
  640.0000000   1543.8747559      0.0000000      0.0000000  
  642.0000000   1544.3406982      0.0000000      0.0000000  
  644.0000000   1544.7980957      0.0000000      0.0000000  
  646.0000000   1545.2470703      0.0000000      0.0000000  
  648.0000000   1545.6876221      0.0000000      0.0000000  
  650.0000000   1546.1197510      0.0000000      0.0000000  
  652.0000000   1546.5437012      0.0000000      0.0000000  
  654.0000000   1546.9593506      0.0000000      0.0000000  
  656.0000000   1547.3668213      0.0000000      0.0000000  
  658.0000000   1547.7661133      0.0000000      0.0000000  
  660.0000000   1548.1574707      0.0000000      0.0000000  
  662.0000000   1548.5406494      0.0000000      0.0000000  
  664.0000000   1548.9158936      0.0000000      0.0000000  
  666.0000000   1549.2833252      0.0000000      0.0000000  
  668.0000000   1549.6427002      0.0000000      0.0000000  
  670.0000000   1549.9943848      0.0000000      0.0000000  
  672.0000000   1550.3382568      0.0000000      0.0000000  
  674.0000000   1550.6744385      0.0000000      0.0000000  
  676.0000000   1551.0030518      0.0000000      0.0000000  
  678.0000000   1551.3238525      0.0000000      0.0000000  
  680.0000000   1551.6372070      0.0000000      0.0000000  
  682.0000000   1551.9429932      0.0000000      0.0000000  
  684.0000000   1552.2412109      0.0000000      0.0000000  
  686.0000000   1552.5319824      0.0000000      0.0000000  
  688.0000000   1552.8153076      0.0000000      0.0000000  
  690.0000000   1553.0913086      0.0000000      0.0000000  
  692.0000000   1553.3598633      0.0000000      0.0000000  
  694.0000000   1553.6212158      0.0000000      0.0000000  
  696.0000000   1553.8752441      0.0000000      0.0000000  
  698.0000000   1554.1220703      0.0000000      0.0000000  
  700.0000000   1554.3618164      0.0000000      0.0000000  
  702.0000000   1554.5943604      0.0000000      0.0000000  
  704.0000000   1554.8198242      0.0000000      0.0000000  
  706.0000000   1555.0382080      0.0000000      0.0000000  
  708.0000000   1555.2496338      0.0000000      0.0000000  
  710.0000000   1555.4541016      0.0000000      0.0000000  
  712.0000000   1555.6516113      0.0000000      0.0000000  
  714.0000000   1555.8421631      0.0000000      0.0000000  
  716.0000000   1556.0257568      0.0000000      0.0000000  
  718.0000000   1556.2026367      0.0000000      0.0000000  
  720.0000000   1556.3726807      0.0000000      0.0000000  
  722.0000000   1556.5358887      0.0000000      0.0000000  
  724.0000000   1556.6923828      0.0000000      0.0000000  
  726.0000000   1556.8420410      0.0000000      0.0000000  
  728.0000000   1556.9852295      0.0000000      0.0000000  
  730.0000000   1557.1215820      0.0000000      0.0000000  
  732.0000000   1557.2514648      0.0000000      0.0000000  
  734.0000000   1557.3746338      0.0000000      0.0000000  
  736.0000000   1557.4913330      0.0000000      0.0000000  
  738.0000000   1557.6015625      0.0000000      0.0000000  
  740.0000000   1557.7052002      0.0000000      0.0000000  
  742.0000000   1557.8024902      0.0000000      0.0000000  
  744.0000000   1557.8933105      0.0000000      0.0000000  
  746.0000000   1557.9776611      0.0000000      0.0000000  
  748.0000000   1558.0556641      0.0000000      0.0000000  
  750.0000000   1558.1273193      0.0000000      0.0000000  
  752.0000000   1558.1927490      0.0000000      0.0000000  
  754.0000000   1558.2518311      0.0000000      0.0000000  
  756.0000000   1558.3045654      0.0000000      0.0000000  
  758.0000000   1558.3511963      0.0000000      0.0000000  
  760.0000000   1558.3916016      0.0000000      0.0000000  
  762.0000000   1558.4257812      0.0000000      0.0000000  
  764.0000000   1558.4538574      0.0000000      0.0000000  
  766.0000000   1558.4758301      0.0000000      0.0000000  
  768.0000000   1558.4916992      0.0000000      0.0000000  
  770.0000000   1558.5014648      0.0000000      0.0000000  
  772.0000000   1558.5052490      0.0000000      0.0000000  
  774.0000000   1558.5029297      0.0000000      0.0000000  
  776.0000000   1558.4946289      0.0000000      0.0000000  
  778.0000000   1558.4803467      0.0000000      0.0000000  
  780.0000000   1558.4602051      0.0000000      0.0000000  
  782.0000000   1558.4339600      0.0000000      0.0000000  
  784.0000000   1558.4019775      0.0000000      0.0000000  
  786.0000000   1558.3640137      0.0000000      0.0000000  
  788.0000000   1558.3203125      0.0000000      0.0000000  
  790.0000000   1558.2706299      0.0000000      0.0000000  
  792.0000000   1558.2152100      0.0000000      0.0000000  
  794.0000000   1558.1540527      0.0000000      0.0000000  
  796.0000000   1558.0871582      0.0000000      0.0000000  
  798.0000000   1558.0144043      0.0000000      0.0000000  
  800.0000000   1557.9360352      0.0000000      0.0000000  
  802.0000000   1557.8519287      0.0000000      0.0000000  
  804.0000000   1557.7620850      0.0000000      0.0000000  
  806.0000000   1557.6666260      0.0000000      0.0000000  
  808.0000000   1557.5655518      0.0000000      0.0000000  
  810.0000000   1557.4588623      0.0000000      0.0000000  
  812.0000000   1557.3465576      0.0000000      0.0000000  
  814.0000000   1557.2286377      0.0000000      0.0000000  
  816.0000000   1557.1052246      0.0000000      0.0000000  
  818.0000000   1556.9763184      0.0000000      0.0000000  
  820.0000000   1556.8417969      0.0000000      0.0000000  
  822.0000000   1556.7019043      0.0000000      0.0000000  
  824.0000000   1556.5565186      0.0000000      0.0000000  
  826.0000000   1556.4055176      0.0000000      0.0000000  
  828.0000000   1556.2492676      0.0000000      0.0000000  
  830.0000000   1556.0875244      0.0000000      0.0000000  
  832.0000000   1555.9204102      0.0000000      0.0000000  
  834.0000000   1555.7479248      0.0000000      0.0000000  
  836.0000000   1555.5700684      0.0000000      0.0000000  
  838.0000000   1555.3868408      0.0000000      0.0000000  
  840.0000000   1555.1982422      0.0000000      0.0000000  
  842.0000000   1555.0043945      0.0000000      0.0000000  
  844.0000000   1554.8052979      0.0000000      0.0000000  
  846.0000000   1554.6009521      0.0000000      0.0000000  
  848.0000000   1554.3913574      0.0000000      0.0000000  
  850.0000000   1554.1765137      0.0000000      0.0000000  
  852.0000000   1553.9564209      0.0000000      0.0000000  
  854.0000000   1553.7310791      0.0000000      0.0000000  
  856.0000000   1553.5006104      0.0000000      0.0000000  
  858.0000000   1553.2650146      0.0000000      0.0000000  
  860.0000000   1553.0242920      0.0000000      0.0000000  
  862.0000000   1552.7783203      0.0000000      0.0000000  
  864.0000000   1552.5273438      0.0000000      0.0000000  
  866.0000000   1552.2711182      0.0000000      0.0000000  
  868.0000000   1552.0100098      0.0000000      0.0000000  
  870.0000000   1551.7436523      0.0000000      0.0000000  
  872.0000000   1551.4722900      0.0000000      0.0000000  
  874.0000000   1551.1959229      0.0000000      0.0000000  
  876.0000000   1550.9145508      0.0000000      0.0000000  
  878.0000000   1550.6281738      0.0000000      0.0000000  
  880.0000000   1550.3367920      0.0000000      0.0000000  
  882.0000000   1550.0405273      0.0000000      0.0000000  
  884.0000000   1549.7391357      0.0000000      0.0000000  
  886.0000000   1549.4328613      0.0000000      0.0000000  
  888.0000000   1549.1217041      0.0000000      0.0000000  
  890.0000000   1548.8055420      0.0000000      0.0000000  
  892.0000000   1548.4846191      0.0000000      0.0000000  
  894.0000000   1548.1586914      0.0000000      0.0000000  
  896.0000000   1547.8278809      0.0000000      0.0000000  
  898.0000000   1547.4921875      0.0000000      0.0000000  
  900.0000000   1547.1517334      0.0000000      0.0000000  
  902.0000000   1546.8063965      0.0000000      0.0000000  
  904.0000000   1546.4561768      0.0000000      0.0000000  
  906.0000000   1546.1010742      0.0000000      0.0000000  
  908.0000000   1545.7412109      0.0000000      0.0000000  
  910.0000000   1545.3765869      0.0000000      0.0000000  
  912.0000000   1545.0072021      0.0000000      0.0000000  
  914.0000000   1544.6330566      0.0000000      0.0000000  
  916.0000000   1544.2542725      0.0000000      0.0000000  
  918.0000000   1543.8706055      0.0000000      0.0000000  
  920.0000000   1543.4824219      0.0000000      0.0000000  
  922.0000000   1543.0893555      0.0000000      0.0000000  
  924.0000000   1542.6917725      0.0000000      0.0000000  
  926.0000000   1542.2894287      0.0000000      0.0000000  
  928.0000000   1541.8825684      0.0000000      0.0000000  
  930.0000000   1541.4710693      0.0000000      0.0000000  
  932.0000000   1541.0548096      0.0000000      0.0000000  
  934.0000000   1540.6341553      0.0000000      0.0000000  
  936.0000000   1540.2087402      0.0000000      0.0000000  
  938.0000000   1539.7788086      0.0000000      0.0000000  
  940.0000000   1539.3443604      0.0000000      0.0000000  
  942.0000000   1538.9053955      0.0000000      0.0000000  
  944.0000000   1538.4617920      0.0000000      0.0000000  
  946.0000000   1538.0136719      0.0000000      0.0000000  
  948.0000000   1537.5611572      0.0000000      0.0000000  
  950.0000000   1537.1040039      0.0000000      0.0000000  
  952.0000000   1536.6424561      0.0000000      0.0000000  
  954.0000000   1536.1763916      0.0000000      0.0000000  
  956.0000000   1535.7058105      0.0000000      0.0000000  
  958.0000000   1535.2307129      0.0000000      0.0000000  
  960.0000000   1534.7512207      0.0000000      0.0000000  
  962.0000000   1534.2670898      0.0000000      0.0000000  
  964.0000000   1533.7785645      0.0000000      0.0000000  
  966.0000000   1533.2856445      0.0000000      0.0000000  
  968.0000000   1532.7882080      0.0000000      0.0000000  
  970.0000000   1532.2862549      0.0000000      0.0000000  
  972.0000000   1531.7800293      0.0000000      0.0000000  
  974.0000000   1531.2692871      0.0000000      0.0000000  
  976.0000000   1530.7541504      0.0000000      0.0000000  
  978.0000000   1530.2346191      0.0000000      0.0000000  
  980.0000000   1529.7106934      0.0000000      0.0000000  
  982.0000000   1529.1824951      0.0000000      0.0000000  
  984.0000000   1528.6499023      0.0000000      0.0000000  
  986.0000000   1528.1130371      0.0000000      0.0000000  
  988.0000000   1527.5718994      0.0000000      0.0000000  
  990.0000000   1527.0263672      0.0000000      0.0000000  
  992.0000000   1526.4765625      0.0000000      0.0000000  
  994.0000000   1525.9224854      0.0000000      0.0000000  
  996.0000000   1525.3641357      0.0000000      0.0000000  
  998.0000000   1524.8015137      0.0000000      0.0000000  
 1000.0000000   1524.2346191      0.0000000      0.0000000  
 1002.0000000   1523.6635742      0.0000000      0.0000000  
 1004.0000000   1523.0882568      0.0000000      0.0000000  
 1006.0000000   1522.5086670      0.0000000      0.0000000  
 1008.0000000   1521.9249268      0.0000000      0.0000000  
 1010.0000000   1521.3370361      0.0000000      0.0000000  
 1012.0000000   1520.7448730      0.0000000      0.0000000  
 1014.0000000   1520.1485596      0.0000000      0.0000000  
 1016.0000000   1519.5480957      0.0000000      0.0000000  
 1018.0000000   1518.9434814      0.0000000      0.0000000  
 1020.0000000   1518.3347168      0.0000000      0.0000000  
 1022.0000000   1517.7218018      0.0000000      0.0000000  
 1024.0000000   1517.1046143      0.0000000      0.0000000  
 1026.0000000   1516.4835205      0.0000000      0.0000000  
 1028.0000000   1515.8581543      0.0000000      0.0000000  
 1030.0000000   1515.2287598      0.0000000      0.0000000  
 1032.0000000   1514.5952148      0.0000000      0.0000000  
 1034.0000000   1513.9575195      0.0000000      0.0000000  
 1036.0000000   1513.3157959      0.0000000      0.0000000  
 1038.0000000   1512.6700439      0.0000000      0.0000000  
 1040.0000000   1512.0201416      0.0000000      0.0000000  
 1042.0000000   1511.3662109      0.0000000      0.0000000  
 1044.0000000   1510.7082520      0.0000000      0.0000000  
 1046.0000000   1510.0462646      0.0000000      0.0000000  
 1048.0000000   1509.3802490      0.0000000      0.0000000  
 1050.0000000   1508.7100830      0.0000000      0.0000000  
 1052.0000000   1508.0360107      0.0000000      0.0000000  
 1054.0000000   1507.3579102      0.0000000      0.0000000  
 1056.0000000   1506.6757812      0.0000000      0.0000000  
 1058.0000000   1505.9896240      0.0000000      0.0000000  
 1060.0000000   1505.2995605      0.0000000      0.0000000  
 1062.0000000   1504.6054688      0.0000000      0.0000000  
 1064.0000000   1503.9073486      0.0000000      0.0000000  
 1066.0000000   1503.2053223      0.0000000      0.0000000  
 1068.0000000   1502.4993896      0.0000000      0.0000000  
 1070.0000000   1501.7894287      0.0000000      0.0000000  
 1072.0000000   1501.0754395      0.0000000      0.0000000  
 1074.0000000   1500.3576660      0.0000000      0.0000000  
 1076.0000000   1499.6358643      0.0000000      0.0000000  
 1078.0000000   1498.9101562      0.0000000      0.0000000  
 1080.0000000   1498.1805420      0.0000000      0.0000000  
 1082.0000000   1497.4470215      0.0000000      0.0000000  
 1084.0000000   1496.7095947      0.0000000      0.0000000  
 1086.0000000   1495.9683838      0.0000000      0.0000000  
 1088.0000000   1495.2231445      0.0000000      0.0000000  
 1090.0000000   1494.4739990      0.0000000      0.0000000  
 1092.0000000   1493.7210693      0.0000000      0.0000000  
 1094.0000000   1492.9642334      0.0000000      0.0000000  
 1096.0000000   1492.2036133      0.0000000      0.0000000  
 1098.0000000   1491.4390869      0.0000000      0.0000000  
 1100.0000000   1490.6706543      0.0000000      0.0000000  
 1102.0000000   1489.8984375      0.0000000      0.0000000  
 1104.0000000   1489.1224365      0.0000000      0.0000000  
 1106.0000000   1488.3425293      0.0000000      0.0000000  
 1108.0000000   1487.5588379      0.0000000      0.0000000  
 1110.0000000   1486.7712402      0.0000000      0.0000000  
 1112.0000000   1485.9799805      0.0000000      0.0000000  
 1114.0000000   1485.1848145      0.0000000      0.0000000  
 1116.0000000   1484.3858643      0.0000000      0.0000000  
 1118.0000000   1483.5832520      0.0000000      0.0000000  
 1120.0000000   1482.7767334      0.0000000      0.0000000  
 1122.0000000   1481.9664307      0.0000000      0.0000000  
 1124.0000000   1481.1524658      0.0000000      0.0000000  
 1126.0000000   1480.3347168      0.0000000      0.0000000  
 1128.0000000   1479.5131836      0.0000000      0.0000000  
 1130.0000000   1478.6878662      0.0000000      0.0000000  
 1132.0000000   1477.8588867      0.0000000      0.0000000  
 1134.0000000   1477.0261230      0.0000000      0.0000000  
 1136.0000000   1476.1895752      0.0000000      0.0000000  
 1138.0000000   1475.3493652      0.0000000      0.0000000  
 1140.0000000   1474.5053711      0.0000000      0.0000000  
 1142.0000000   1473.6578369      0.0000000      0.0000000  
 1144.0000000   1472.8063965      0.0000000      0.0000000  
 1146.0000000   1471.9514160      0.0000000      0.0000000  
 1148.0000000   1471.0926514      0.0000000      0.0000000  
 1150.0000000   1470.2302246      0.0000000      0.0000000  
 1152.0000000   1469.3641357      0.0000000      0.0000000  
 1154.0000000   1468.4943848      0.0000000      0.0000000  
 1156.0000000   1467.6209717      0.0000000      0.0000000  
 1158.0000000   1466.7438965      0.0000000      0.0000000  
 1160.0000000   1465.8631592      0.0000000      0.0000000  
 1162.0000000   1464.9788818      0.0000000      0.0000000  
 1164.0000000   1464.0909424      0.0000000      0.0000000  
 1166.0000000   1463.1993408      0.0000000      0.0000000  
 1168.0000000   1462.3041992      0.0000000      0.0000000  
 1170.0000000   1461.4055176      0.0000000      0.0000000  
 1172.0000000   1460.5031738      0.0000000      0.0000000  
 1174.0000000   1459.5971680      0.0000000      0.0000000  
 1176.0000000   1458.6876221      0.0000000      0.0000000  
 1178.0000000   1457.7745361      0.0000000      0.0000000  
 1180.0000000   1456.8577881      0.0000000      0.0000000  
 1182.0000000   1455.9375000      0.0000000      0.0000000  
 1184.0000000   1455.0135498      0.0000000      0.0000000  
 1186.0000000   1454.0860596      0.0000000      0.0000000  
 1188.0000000   1453.1550293      0.0000000      0.0000000  
 1190.0000000   1452.2203369      0.0000000      0.0000000  
 1192.0000000   1451.2821045      0.0000000      0.0000000  
 1194.0000000   1450.3403320      0.0000000      0.0000000  
 1196.0000000   1449.3950195      0.0000000      0.0000000  
 1198.0000000   1448.4460449      0.0000000      0.0000000  
 1200.0000000   1447.4935303      0.0000000      0.0000000  
 1202.0000000   1446.5375977      0.0000000      0.0000000  
 1204.0000000   1445.5780029      0.0000000      0.0000000  
 1206.0000000   1444.6149902      0.0000000      0.0000000  
 1208.0000000   1443.6484375      0.0000000      0.0000000  
 1210.0000000   1442.6783447      0.0000000      0.0000000  
 1212.0000000   1441.7047119      0.0000000      0.0000000  
 1214.0000000   1440.7276611      0.0000000      0.0000000  
 1216.0000000   1439.7471924      0.0000000      0.0000000  
 1218.0000000   1438.7630615      0.0000000      0.0000000  
 1220.0000000   1437.7755127      0.0000000      0.0000000  
 1222.0000000   1436.7845459      0.0000000      0.0000000  
 1224.0000000   1435.7900391      0.0000000      0.0000000  
 1226.0000000   1434.7921143      0.0000000      0.0000000  
 1228.0000000   1433.7907715      0.0000000      0.0000000  
 1230.0000000   1432.7858887      0.0000000      0.0000000  
 1232.0000000   1431.7774658      0.0000000      0.0000000  
 1234.0000000   1430.7657471      0.0000000      0.0000000  
 1236.0000000   1429.7504883      0.0000000      0.0000000  
 1238.0000000   1428.7318115      0.0000000      0.0000000  
 1240.0000000   1427.7097168      0.0000000      0.0000000  
 1242.0000000   1426.6840820      0.0000000      0.0000000  
 1244.0000000   1425.6551514      0.0000000      0.0000000  
 1246.0000000   1424.6226807      0.0000000      0.0000000  
 1248.0000000   1423.5867920      0.0000000      0.0000000  
 1250.0000000   1422.5476074      0.0000000      0.0000000  
 1252.0000000   1421.5048828      0.0000000      0.0000000  
 1254.0000000   1420.4587402      0.0000000      0.0000000  
 1256.0000000   1419.4093018      0.0000000      0.0000000  
 1258.0000000   1418.3563232      0.0000000      0.0000000  
 1260.0000000   1417.3000488      0.0000000      0.0000000  
 1262.0000000   1416.2403564      0.0000000      0.0000000  
 1264.0000000   1415.1772461      0.0000000      0.0000000  
 1266.0000000   1414.1107178      0.0000000      0.0000000  
 1268.0000000   1413.0408936      0.0000000      0.0000000  
 1270.0000000   1411.9676514      0.0000000      0.0000000  
 1272.0000000   1410.8911133      0.0000000      0.0000000  
 1274.0000000   1409.8110352      0.0000000      0.0000000  
 1276.0000000   1408.7276611      0.0000000      0.0000000  
 1278.0000000   1407.6409912      0.0000000      0.0000000  
 1280.0000000   1406.5509033      0.0000000      0.0000000  
 1282.0000000   1405.4575195      0.0000000      0.0000000  
 1284.0000000   1404.3607178      0.0000000      0.0000000  
 1286.0000000   1403.2604980      0.0000000      0.0000000  
 1288.0000000   1402.1571045      0.0000000      0.0000000  
 1290.0000000   1401.0502930      0.0000000      0.0000000  
 1292.0000000   1399.9400635      0.0000000      0.0000000  
 1294.0000000   1398.8266602      0.0000000      0.0000000  
 1296.0000000   1397.7098389      0.0000000      0.0000000  
 1298.0000000   1396.5895996      0.0000000      0.0000000  
 1300.0000000   1395.4661865      0.0000000      0.0000000  
 1302.0000000   1394.3393555      0.0000000      0.0000000  
 1304.0000000   1393.2879639      0.0000000      0.0000000  
 1306.0000000   1392.2757568      0.0000000      0.0000000  
 1308.0000000   1391.2921143      0.0000000      0.0000000  
 1310.0000000   1390.3317871      0.0000000      0.0000000  
 1312.0000000   1389.3913574      0.0000000      0.0000000  
 1314.0000000   1388.4687500      0.0000000      0.0000000  
 1316.0000000   1387.5620117      0.0000000      0.0000000  
 1318.0000000   1386.6699219      0.0000000      0.0000000  
 1320.0000000   1385.7913818      0.0000000      0.0000000  
 1322.0000000   1384.9252930      0.0000000      0.0000000  
 1324.0000000   1384.0710449      0.0000000      0.0000000  
 1326.0000000   1383.2277832      0.0000000      0.0000000  
 1328.0000000   1382.3951416      0.0000000      0.0000000  
 1330.0000000   1381.5723877      0.0000000      0.0000000  
 1332.0000000   1380.7592773      0.0000000      0.0000000  
 1334.0000000   1379.9552002      0.0000000      0.0000000  
 1336.0000000   1379.1599121      0.0000000      0.0000000  
 1338.0000000   1378.3729248      0.0000000      0.0000000  
 1340.0000000   1377.5941162      0.0000000      0.0000000  
 1342.0000000   1376.8229980      0.0000000      0.0000000  
 1344.0000000   1376.0594482      0.0000000      0.0000000  
 1346.0000000   1375.3032227      0.0000000      0.0000000  
 1348.0000000   1374.5540771      0.0000000      0.0000000  
 1350.0000000   1373.8117676      0.0000000      0.0000000  
 1352.0000000   1373.0760498      0.0000000      0.0000000  
 1354.0000000   1372.3466797      0.0000000      0.0000000  
 1356.0000000   1371.6239014      0.0000000      0.0000000  
 1358.0000000   1370.9074707      0.0000000      0.0000000  
 1360.0000000   1370.1973877      0.0000000      0.0000000  
 1362.0000000   1369.4937744      0.0000000      0.0000000  
 1364.0000000   1368.7949219      0.0000000      0.0000000  
 1366.0000000   1368.0993652      0.0000000      0.0000000  
 1368.0000000   1367.4080811      0.0000000      0.0000000  
 1370.0000000   1366.7214355      0.0000000      0.0000000  
 1372.0000000   1366.0393066      0.0000000      0.0000000  
 1374.0000000   1365.3619385      0.0000000      0.0000000  
 1376.0000000   1364.6890869      0.0000000      0.0000000  
 1378.0000000   1364.0208740      0.0000000      0.0000000  
 1380.0000000   1363.3571777      0.0000000      0.0000000  
 1382.0000000   1362.6979980      0.0000000      0.0000000  
 1384.0000000   1362.0430908      0.0000000      0.0000000  
 1386.0000000   1361.3925781      0.0000000      0.0000000  
 1388.0000000   1360.7463379      0.0000000      0.0000000  
 1390.0000000   1360.1042480      0.0000000      0.0000000  
 1392.0000000   1359.4664307      0.0000000      0.0000000  
 1394.0000000   1358.8325195      0.0000000      0.0000000  
 1396.0000000   1358.2027588      0.0000000      0.0000000  
 1398.0000000   1357.5769043      0.0000000      0.0000000  
 1400.0000000   1356.9549561      0.0000000      0.0000000  
 1402.0000000   1356.3367920      0.0000000      0.0000000  
 1404.0000000   1355.7224121      0.0000000      0.0000000  
 1406.0000000   1355.1118164      0.0000000      0.0000000  
 1408.0000000   1354.5048828      0.0000000      0.0000000  
 1410.0000000   1353.9014893      0.0000000      0.0000000  
 1412.0000000   1353.3017578      0.0000000      0.0000000  
 1414.0000000   1352.7054443      0.0000000      0.0000000  
 1416.0000000   1352.1126709      0.0000000      0.0000000  
 1418.0000000   1351.5233154      0.0000000      0.0000000  
 1420.0000000   1350.9373779      0.0000000      0.0000000  
 1422.0000000   1350.3546143      0.0000000      0.0000000  
 1424.0000000   1349.7752686      0.0000000      0.0000000  
 1426.0000000   1349.1990967      0.0000000      0.0000000  
 1428.0000000   1348.6260986      0.0000000      0.0000000  
 1430.0000000   1348.0562744      0.0000000      0.0000000  
 1432.0000000   1347.4895020      0.0000000      0.0000000  
 1434.0000000   1346.9259033      0.0000000      0.0000000  
 1436.0000000   1346.3652344      0.0000000      0.0000000  
 1438.0000000   1345.8076172      0.0000000      0.0000000  
 1440.0000000   1345.2529297      0.0000000      0.0000000  
 1442.0000000   1344.7011719      0.0000000      0.0000000  
 1444.0000000   1344.1522217      0.0000000      0.0000000  
 1446.0000000   1343.6062012      0.0000000      0.0000000  
 1448.0000000   1343.0629883      0.0000000      0.0000000  
 1450.0000000   1342.5224609      0.0000000      0.0000000  
 1452.0000000   1341.9847412      0.0000000      0.0000000  
 1454.0000000   1341.4498291      0.0000000      0.0000000  
 1456.0000000   1340.9174805      0.0000000      0.0000000  
 1458.0000000   1340.3876953      0.0000000      0.0000000  
 1460.0000000   1339.8605957      0.0000000      0.0000000  
 1462.0000000   1339.3361816      0.0000000      0.0000000  
 1464.0000000   1338.8142090      0.0000000      0.0000000  
 1466.0000000   1338.2947998      0.0000000      0.0000000  
 1468.0000000   1337.7778320      0.0000000      0.0000000  
 1470.0000000   1337.2634277      0.0000000      0.0000000  
 1472.0000000   1336.7514648      0.0000000      0.0000000  
 1474.0000000   1336.2418213      0.0000000      0.0000000  
 1476.0000000   1335.7346191      0.0000000      0.0000000  
 1478.0000000   1335.2297363      0.0000000      0.0000000  
 1480.0000000   1334.7272949      0.0000000      0.0000000  
 1482.0000000   1334.2270508      0.0000000      0.0000000  
 1484.0000000   1333.7291260      0.0000000      0.0000000  
 1486.0000000   1333.2335205      0.0000000      0.0000000  
 1488.0000000   1332.7401123      0.0000000      0.0000000  
 1490.0000000   1332.2489014      0.0000000      0.0000000  
 1492.0000000   1331.7598877      0.0000000      0.0000000  
 1494.0000000   1331.2730713      0.0000000      0.0000000  
 1496.0000000   1330.7883301      0.0000000      0.0000000  
 1498.0000000   1330.3057861      0.0000000      0.0000000  
 1500.0000000   1329.8254395      0.0000000      0.0000000  
 1502.0000000   1329.3470459      0.0000000      0.0000000  
 1504.0000000   1328.8707275      0.0000000      0.0000000  
 1506.0000000   1328.3964844      0.0000000      0.0000000  
 1508.0000000   1327.9241943      0.0000000      0.0000000  
 1510.0000000   1327.4539795      0.0000000      0.0000000  
 1512.0000000   1326.9857178      0.0000000      0.0000000  
 1514.0000000   1326.5194092      0.0000000      0.0000000  
 1516.0000000   1326.0550537      0.0000000      0.0000000  
 1518.0000000   1325.5926514      0.0000000      0.0000000  
 1520.0000000   1325.1322021      0.0000000      0.0000000  
 1522.0000000   1324.6735840      0.0000000      0.0000000  
 1524.0000000   1324.2167969      0.0000000      0.0000000  
 1526.0000000   1323.7619629      0.0000000      0.0000000  
 1528.0000000   1323.3088379      0.0000000      0.0000000  
 1530.0000000   1322.8576660      0.0000000      0.0000000  
 1532.0000000   1322.4082031      0.0000000      0.0000000  
 1534.0000000   1321.9605713      0.0000000      0.0000000  
 1536.0000000   1321.5146484      0.0000000      0.0000000  
 1538.0000000   1321.0705566      0.0000000      0.0000000  
 1540.0000000   1320.6281738      0.0000000      0.0000000  
 1542.0000000   1320.1875000      0.0000000      0.0000000  
 1544.0000000   1319.7485352      0.0000000      0.0000000  
 1546.0000000   1319.3112793      0.0000000      0.0000000  
 1548.0000000   1318.8757324      0.0000000      0.0000000  
 1550.0000000   1318.4417725      0.0000000      0.0000000  
 1552.0000000   1318.0095215      0.0000000      0.0000000  
 1554.0000000   1317.5788574      0.0000000      0.0000000  
 1556.0000000   1317.1499023      0.0000000      0.0000000  
 1558.0000000   1316.7224121      0.0000000      0.0000000  
 1560.0000000   1316.2966309      0.0000000      0.0000000  
 1562.0000000   1315.8724365      0.0000000      0.0000000  
 1564.0000000   1315.4497070      0.0000000      0.0000000  
 1566.0000000   1315.0285645      0.0000000      0.0000000  
 1568.0000000   1314.6090088      0.0000000      0.0000000  
 1570.0000000   1314.1909180      0.0000000      0.0000000  
 1572.0000000   1313.7744141      0.0000000      0.0000000  
 1574.0000000   1313.3592529      0.0000000      0.0000000  
 1576.0000000   1312.9456787      0.0000000      0.0000000  
 1578.0000000   1312.5336914      0.0000000      0.0000000  
 1580.0000000   1312.1230469      0.0000000      0.0000000  
 1582.0000000   1311.7138672      0.0000000      0.0000000  
 1584.0000000   1311.3061523      0.0000000      0.0000000  
 1586.0000000   1310.8997803      0.0000000      0.0000000  
 1588.0000000   1310.4948730      0.0000000      0.0000000  
 1590.0000000   1310.0914307      0.0000000      0.0000000  
 1592.0000000   1309.6893311      0.0000000      0.0000000  
 1594.0000000   1309.2885742      0.0000000      0.0000000  
 1596.0000000   1308.8892822      0.0000000      0.0000000  
 1598.0000000   1308.4912109      0.0000000      0.0000000  
 1600.0000000   1308.0946045      0.0000000      0.0000000  
 1602.0000000   1307.6993408      0.0000000      0.0000000  
 1604.0000000   1307.3052979      0.0000000      0.0000000  
 1606.0000000   1306.9127197      0.0000000      0.0000000  
 1608.0000000   1306.5213623      0.0000000      0.0000000  
 1610.0000000   1306.1313477      0.0000000      0.0000000  
 1612.0000000   1305.7425537      0.0000000      0.0000000  
 1614.0000000   1305.3551025      0.0000000      0.0000000  
 1616.0000000   1304.9688721      0.0000000      0.0000000  
 1618.0000000   1304.5838623      0.0000000      0.0000000  
 1620.0000000   1304.2001953      0.0000000      0.0000000  
 1622.0000000   1303.8177490      0.0000000      0.0000000  
 1624.0000000   1303.4365234      0.0000000      0.0000000  
 1626.0000000   1303.0565186      0.0000000      0.0000000  
 1628.0000000   1302.6776123      0.0000000      0.0000000  
 1630.0000000   1302.3000488      0.0000000      0.0000000  
 1632.0000000   1301.9235840      0.0000000      0.0000000  
 1634.0000000   1301.5484619      0.0000000      0.0000000  
 1636.0000000   1301.1743164      0.0000000      0.0000000  
 1638.0000000   1300.8015137      0.0000000      0.0000000  
 1640.0000000   1300.4296875      0.0000000      0.0000000  
 1642.0000000   1300.0592041      0.0000000      0.0000000  
 1644.0000000   1299.6896973      0.0000000      0.0000000  
 1646.0000000   1299.3214111      0.0000000      0.0000000  
 1648.0000000   1298.9542236      0.0000000      0.0000000  
 1650.0000000   1298.5881348      0.0000000      0.0000000  
 1652.0000000   1298.2232666      0.0000000      0.0000000  
 1654.0000000   1297.8593750      0.0000000      0.0000000  
 1656.0000000   1297.4965820      0.0000000      0.0000000  
 1658.0000000   1297.1348877      0.0000000      0.0000000  
 1660.0000000   1296.7742920      0.0000000      0.0000000  
 1662.0000000   1296.4147949      0.0000000      0.0000000  
 1664.0000000   1296.0563965      0.0000000      0.0000000  
 1666.0000000   1295.6989746      0.0000000      0.0000000  
 1668.0000000   1295.3425293      0.0000000      0.0000000  
 1670.0000000   1294.9873047      0.0000000      0.0000000  
 1672.0000000   1294.6329346      0.0000000      0.0000000  
 1674.0000000   1294.2796631      0.0000000      0.0000000  
 1676.0000000   1293.9274902      0.0000000      0.0000000  
 1678.0000000   1293.5762939      0.0000000      0.0000000  
 1680.0000000   1293.2259521      0.0000000      0.0000000  
 1682.0000000   1292.8768311      0.0000000      0.0000000  
 1684.0000000   1292.5285645      0.0000000      0.0000000  
 1686.0000000   1292.1812744      0.0000000      0.0000000  
 1688.0000000   1291.8349609      0.0000000      0.0000000  
 1690.0000000   1291.4897461      0.0000000      0.0000000  
 1692.0000000   1291.1453857      0.0000000      0.0000000  
 1694.0000000   1290.8020020      0.0000000      0.0000000  
 1696.0000000   1290.4595947      0.0000000      0.0000000  
 1698.0000000   1290.1180420      0.0000000      0.0000000  
 1700.0000000   1289.7774658      0.0000000      0.0000000  
 1702.0000000   1289.4378662      0.0000000      0.0000000  
 1704.0000000   1289.0992432      0.0000000      0.0000000  
 1706.0000000   1288.7614746      0.0000000      0.0000000  
 1708.0000000   1288.4245605      0.0000000      0.0000000  
 1710.0000000   1288.0886230      0.0000000      0.0000000  
 1712.0000000   1287.7535400      0.0000000      0.0000000  
 1714.0000000   1287.4194336      0.0000000      0.0000000  
 1716.0000000   1287.0861816      0.0000000      0.0000000  
 1718.0000000   1286.7537842      0.0000000      0.0000000  
 1720.0000000   1286.4223633      0.0000000      0.0000000  
 1722.0000000   1286.0916748      0.0000000      0.0000000  
 1724.0000000   1285.7619629      0.0000000      0.0000000  
 1726.0000000   1285.4329834      0.0000000      0.0000000  
 1728.0000000   1285.1049805      0.0000000      0.0000000  
 1730.0000000   1284.7778320      0.0000000      0.0000000  
 1732.0000000   1284.4514160      0.0000000      0.0000000  
 1734.0000000   1284.1259766      0.0000000      0.0000000  
 1736.0000000   1283.8012695      0.0000000      0.0000000  
 1738.0000000   1283.4774170      0.0000000      0.0000000  
 1740.0000000   1283.1544189      0.0000000      0.0000000  
 1742.0000000   1282.8322754      0.0000000      0.0000000  
 1744.0000000   1282.5108643      0.0000000      0.0000000  
 1746.0000000   1282.1903076      0.0000000      0.0000000  
 1748.0000000   1281.8706055      0.0000000      0.0000000  
 1750.0000000   1281.5516357      0.0000000      0.0000000  
 1752.0000000   1281.2333984      0.0000000      0.0000000  
 1754.0000000   1280.9160156      0.0000000      0.0000000  
 1756.0000000   1280.5994873      0.0000000      0.0000000  
 1758.0000000   1280.2835693      0.0000000      0.0000000  
 1760.0000000   1279.9685059      0.0000000      0.0000000  
 1762.0000000   1279.6542969      0.0000000      0.0000000  
 1764.0000000   1279.3408203      0.0000000      0.0000000  
 1766.0000000   1279.0280762      0.0000000      0.0000000  
 1768.0000000   1278.7160645      0.0000000      0.0000000  
 1770.0000000   1278.4047852      0.0000000      0.0000000  
 1772.0000000   1278.0942383      0.0000000      0.0000000  
 1774.0000000   1277.7845459      0.0000000      0.0000000  
 1776.0000000   1277.4754639      0.0000000      0.0000000  
 1778.0000000   1277.1672363      0.0000000      0.0000000  
 1780.0000000   1276.8596191      0.0000000      0.0000000  
 1782.0000000   1276.5528564      0.0000000      0.0000000  
 1784.0000000   1276.2467041      0.0000000      0.0000000  
 1786.0000000   1275.9412842      0.0000000      0.0000000  
 1788.0000000   1275.6367188      0.0000000      0.0000000  
 1790.0000000   1275.3326416      0.0000000      0.0000000  
 1792.0000000   1275.0294189      0.0000000      0.0000000  
 1794.0000000   1274.7268066      0.0000000      0.0000000  
 1796.0000000   1274.4249268      0.0000000      0.0000000  
 1798.0000000   1274.1237793      0.0000000      0.0000000  
 1800.0000000   1273.8232422      0.0000000      0.0000000  
 1802.0000000   1273.5234375      0.0000000      0.0000000  
 1804.0000000   1273.2243652      0.0000000      0.0000000  
 1806.0000000   1272.9259033      0.0000000      0.0000000  
 1808.0000000   1272.6280518      0.0000000      0.0000000  
 1810.0000000   1272.3309326      0.0000000      0.0000000  
 1812.0000000   1272.0345459      0.0000000      0.0000000  
 1814.0000000   1271.7386475      0.0000000      0.0000000  
 1816.0000000   1271.4436035      0.0000000      0.0000000  
 1818.0000000   1271.1490479      0.0000000      0.0000000  
 1820.0000000   1270.8552246      0.0000000      0.0000000  
 1822.0000000   1270.5620117      0.0000000      0.0000000  
 1824.0000000   1270.2694092      0.0000000      0.0000000  
 1826.0000000   1269.9775391      0.0000000      0.0000000  
 1828.0000000   1269.6862793      0.0000000      0.0000000  
 1830.0000000   1269.3956299      0.0000000      0.0000000  
 1832.0000000   1269.1055908      0.0000000      0.0000000  
 1834.0000000   1268.8161621      0.0000000      0.0000000  
 1836.0000000   1268.5273438      0.0000000      0.0000000  
 1838.0000000   1268.2392578      0.0000000      0.0000000  
 1840.0000000   1267.9516602      0.0000000      0.0000000  
 1842.0000000   1267.6646729      0.0000000      0.0000000  
 1844.0000000   1267.3784180      0.0000000      0.0000000  
 1846.0000000   1267.0926514      0.0000000      0.0000000  
 1848.0000000   1266.8074951      0.0000000      0.0000000  
 1850.0000000   1266.5229492      0.0000000      0.0000000  
 1852.0000000   1266.2390137      0.0000000      0.0000000  
 1854.0000000   1265.9556885      0.0000000      0.0000000  
 1856.0000000   1265.6728516      0.0000000      0.0000000  
 1858.0000000   1265.3907471      0.0000000      0.0000000  
 1860.0000000   1265.1091309      0.0000000      0.0000000  
 1862.0000000   1264.8281250      0.0000000      0.0000000  
 1864.0000000   1264.5476074      0.0000000      0.0000000  
 1866.0000000   1264.2677002      0.0000000      0.0000000  
 1868.0000000   1263.9884033      0.0000000      0.0000000  
 1870.0000000   1263.7097168      0.0000000      0.0000000  
 1872.0000000   1263.4315186      0.0000000      0.0000000  
 1874.0000000   1263.1539307      0.0000000      0.0000000  
 1876.0000000   1262.8768311      0.0000000      0.0000000  
 1878.0000000   1262.6003418      0.0000000      0.0000000  
 1880.0000000   1262.3243408      0.0000000      0.0000000  
 1882.0000000   1262.0489502      0.0000000      0.0000000  
 1884.0000000   1261.7740479      0.0000000      0.0000000  
 1886.0000000   1261.4996338      0.0000000      0.0000000  
 1888.0000000   1261.2258301      0.0000000      0.0000000  
 1890.0000000   1260.9526367      0.0000000      0.0000000  
 1892.0000000   1260.6799316      0.0000000      0.0000000  
 1894.0000000   1260.4077148      0.0000000      0.0000000  
 1896.0000000   1260.1359863      0.0000000      0.0000000  
 1898.0000000   1259.8648682      0.0000000      0.0000000  
 1900.0000000   1259.5942383      0.0000000      0.0000000  
 1902.0000000   1259.3240967      0.0000000      0.0000000  
 1904.0000000   1259.0545654      0.0000000      0.0000000  
 1906.0000000   1258.7855225      0.0000000      0.0000000  
 1908.0000000   1258.5169678      0.0000000      0.0000000  
 1910.0000000   1258.2489014      0.0000000      0.0000000  
 1912.0000000   1257.9813232      0.0000000      0.0000000  
 1914.0000000   1257.7143555      0.0000000      0.0000000  
 1916.0000000   1257.4477539      0.0000000      0.0000000  
 1918.0000000   1257.1817627      0.0000000      0.0000000  
 1920.0000000   1256.9161377      0.0000000      0.0000000  
 1922.0000000   1256.6511230      0.0000000      0.0000000  
 1924.0000000   1256.3865967      0.0000000      0.0000000  
 1926.0000000   1256.1224365      0.0000000      0.0000000  
 1928.0000000   1255.8588867      0.0000000      0.0000000  
 1930.0000000   1255.5958252      0.0000000      0.0000000  
 1932.0000000   1255.3331299      0.0000000      0.0000000  
 1934.0000000   1255.0710449      0.0000000      0.0000000  
 1936.0000000   1254.8093262      0.0000000      0.0000000  
 1938.0000000   1254.5482178      0.0000000      0.0000000  
 1940.0000000   1254.2874756      0.0000000      0.0000000  
 1942.0000000   1254.0272217      0.0000000      0.0000000  
 1944.0000000   1253.7674561      0.0000000      0.0000000  
 1946.0000000   1253.5081787      0.0000000      0.0000000  
 1948.0000000   1253.2492676      0.0000000      0.0000000  
 1950.0000000   1252.9908447      0.0000000      0.0000000  
 1952.0000000   1252.7329102      0.0000000      0.0000000  
 1954.0000000   1252.4754639      0.0000000      0.0000000  
 1956.0000000   1252.2185059      0.0000000      0.0000000  
 1958.0000000   1251.9619141      0.0000000      0.0000000  
 1960.0000000   1251.7058105      0.0000000      0.0000000  
 1962.0000000   1251.4500732      0.0000000      0.0000000  
 1964.0000000   1251.1949463      0.0000000      0.0000000  
 1966.0000000   1250.9400635      0.0000000      0.0000000  
 1968.0000000   1250.6857910      0.0000000      0.0000000  
 1970.0000000   1250.4318848      0.0000000      0.0000000  
 1972.0000000   1250.1784668      0.0000000      0.0000000  
 1974.0000000   1249.9254150      0.0000000      0.0000000  
 1976.0000000   1249.6727295      0.0000000      0.0000000  
 1978.0000000   1249.4206543      0.0000000      0.0000000  
 1980.0000000   1249.1689453      0.0000000      0.0000000  
 1982.0000000   1248.9176025      0.0000000      0.0000000  
 1984.0000000   1248.6667480      0.0000000      0.0000000  
 1986.0000000   1248.4162598      0.0000000      0.0000000  
 1988.0000000   1248.1662598      0.0000000      0.0000000  
 1990.0000000   1247.9166260      0.0000000      0.0000000  
 1992.0000000   1247.6673584      0.0000000      0.0000000  
 1994.0000000   1247.4185791      0.0000000      0.0000000  
 1996.0000000   1247.1702881      0.0000000      0.0000000  
 1998.0000000   1246.9222412      0.0000000      0.0000000  
 2000.0000000   1246.6746826      0.0000000      0.0000000  
 2002.0000000   1246.4276123      0.0000000      0.0000000  
 2004.0000000   1246.1807861      0.0000000      0.0000000  
 2006.0000000   1245.9345703      0.0000000      0.0000000  
 2008.0000000   1245.6885986      0.0000000      0.0000000  
 2010.0000000   1245.4429932      0.0000000      0.0000000  
 2012.0000000   1245.1978760      0.0000000      0.0000000  
 2014.0000000   1244.9532471      0.0000000      0.0000000  
 2016.0000000   1244.7088623      0.0000000      0.0000000  
 2018.0000000   1244.4649658      0.0000000      0.0000000  
 2020.0000000   1244.2213135      0.0000000      0.0000000  
 2022.0000000   1243.9781494      0.0000000      0.0000000  
 2024.0000000   1243.7354736      0.0000000      0.0000000  
 2026.0000000   1243.4930420      0.0000000      0.0000000  
 2028.0000000   1243.2510986      0.0000000      0.0000000  
 2030.0000000   1243.0093994      0.0000000      0.0000000  
 2032.0000000   1242.7681885      0.0000000      0.0000000  
 2034.0000000   1242.5273438      0.0000000      0.0000000  
 2036.0000000   1242.2868652      0.0000000      0.0000000  
 2038.0000000   1242.0467529      0.0000000      0.0000000  
 2040.0000000   1241.8070068      0.0000000      0.0000000  
 2042.0000000   1241.5676270      0.0000000      0.0000000  
 2044.0000000   1241.3287354      0.0000000      0.0000000  
 2046.0000000   1241.0900879      0.0000000      0.0000000  
 2048.0000000   1240.8518066      0.0000000      0.0000000  
 2050.0000000   1240.6140137      0.0000000      0.0000000  
 2052.0000000   1240.3764648      0.0000000      0.0000000  
 2054.0000000   1240.1392822      0.0000000      0.0000000  
 2056.0000000   1239.9025879      0.0000000      0.0000000  
 2058.0000000   1239.6661377      0.0000000      0.0000000  
 2060.0000000   1239.4300537      0.0000000      0.0000000  
 2062.0000000   1239.1943359      0.0000000      0.0000000  
 2064.0000000   1238.9589844      0.0000000      0.0000000  
 2066.0000000   1238.7239990      0.0000000      0.0000000  
 2068.0000000   1238.4893799      0.0000000      0.0000000  
 2070.0000000   1238.2551270      0.0000000      0.0000000  
 2072.0000000   1238.0211182      0.0000000      0.0000000  
 2074.0000000   1237.7875977      0.0000000      0.0000000  
 2076.0000000   1237.5543213      0.0000000      0.0000000  
 2078.0000000   1237.3214111      0.0000000      0.0000000  
 2080.0000000   1237.0888672      0.0000000      0.0000000  
 2082.0000000   1236.8566895      0.0000000      0.0000000  
 2084.0000000   1236.6247559      0.0000000      0.0000000  
 2086.0000000   1236.3933105      0.0000000      0.0000000  
 2088.0000000   1236.1621094      0.0000000      0.0000000  
 2090.0000000   1235.9312744      0.0000000      0.0000000  
 2092.0000000   1235.7008057      0.0000000      0.0000000  
 2094.0000000   1235.4705811      0.0000000      0.0000000  
 2096.0000000   1235.2407227      0.0000000      0.0000000  
 2098.0000000   1235.0112305      0.0000000      0.0000000  
 2100.0000000   1234.7821045      0.0000000      0.0000000  
 2102.0000000   1234.5532227      0.0000000      0.0000000  
 2104.0000000   1234.3247070      0.0000000      0.0000000  
 2106.0000000   1234.0965576      0.0000000      0.0000000  
 2108.0000000   1233.8686523      0.0000000      0.0000000  
 2110.0000000   1233.6411133      0.0000000      0.0000000  
 2112.0000000   1233.4139404      0.0000000      0.0000000  
 2114.0000000   1233.1870117      0.0000000      0.0000000  
 2116.0000000   1232.9604492      0.0000000      0.0000000  
 2118.0000000   1232.7342529      0.0000000      0.0000000  
 2120.0000000   1232.5083008      0.0000000      0.0000000  
 2122.0000000   1232.2827148      0.0000000      0.0000000  
 2124.0000000   1232.0573730      0.0000000      0.0000000  
 2126.0000000   1231.8323975      0.0000000      0.0000000  
 2128.0000000   1231.6076660      0.0000000      0.0000000  
 2130.0000000   1231.3833008      0.0000000      0.0000000  
 2132.0000000   1231.1593018      0.0000000      0.0000000  
 2134.0000000   1230.9355469      0.0000000      0.0000000  
 2136.0000000   1230.7121582      0.0000000      0.0000000  
 2138.0000000   1230.4890137      0.0000000      0.0000000  
 2140.0000000   1230.2662354      0.0000000      0.0000000  
 2142.0000000   1230.0437012      0.0000000      0.0000000  
 2144.0000000   1229.8215332      0.0000000      0.0000000  
 2146.0000000   1229.5996094      0.0000000      0.0000000  
 2148.0000000   1229.3780518      0.0000000      0.0000000  
 2150.0000000   1229.1567383      0.0000000      0.0000000  
 2152.0000000   1228.9356689      0.0000000      0.0000000  
 2154.0000000   1228.7150879      0.0000000      0.0000000  
 2156.0000000   1228.4946289      0.0000000      0.0000000  
 2158.0000000   1228.2745361      0.0000000      0.0000000  
 2160.0000000   1228.0546875      0.0000000      0.0000000  
 2162.0000000   1227.8352051      0.0000000      0.0000000  
 2164.0000000   1227.6159668      0.0000000      0.0000000  
 2166.0000000   1227.3970947      0.0000000      0.0000000  
 2168.0000000   1227.1784668      0.0000000      0.0000000  
 2170.0000000   1226.9600830      0.0000000      0.0000000  
 2172.0000000   1226.7420654      0.0000000      0.0000000  
 2174.0000000   1226.5242920      0.0000000      0.0000000  
 2176.0000000   1226.3067627      0.0000000      0.0000000  
 2178.0000000   1226.0895996      0.0000000      0.0000000  
 2180.0000000   1225.8726807      0.0000000      0.0000000  
 2182.0000000   1225.6561279      0.0000000      0.0000000  
 2184.0000000   1225.4396973      0.0000000      0.0000000  
 2186.0000000   1225.2236328      0.0000000      0.0000000  
 2188.0000000   1225.0079346      0.0000000      0.0000000  
 2190.0000000   1224.7923584      0.0000000      0.0000000  
 2192.0000000   1224.5771484      0.0000000      0.0000000  
 2194.0000000   1224.3623047      0.0000000      0.0000000  
 2196.0000000   1224.1475830      0.0000000      0.0000000  
 2198.0000000   1223.9332275      0.0000000      0.0000000  
 2200.0000000   1223.7191162      0.0000000      0.0000000  
 2202.0000000   1223.5052490      0.0000000      0.0000000  
 2204.0000000   1223.2917480      0.0000000      0.0000000  
 2206.0000000   1223.0783691      0.0000000      0.0000000  
 2208.0000000   1222.8653564      0.0000000      0.0000000  
 2210.0000000   1222.6527100      0.0000000      0.0000000  
 2212.0000000   1222.4401855      0.0000000      0.0000000  
 2214.0000000   1222.2280273      0.0000000      0.0000000  
 2216.0000000   1222.0159912      0.0000000      0.0000000  
 2218.0000000   1221.8043213      0.0000000      0.0000000  
 2220.0000000   1221.5928955      0.0000000      0.0000000  
 2222.0000000   1221.3818359      0.0000000      0.0000000  
 2224.0000000   1221.1708984      0.0000000      0.0000000  
 2226.0000000   1220.9603271      0.0000000      0.0000000  
 2228.0000000   1220.7500000      0.0000000      0.0000000  
 2230.0000000   1220.5399170      0.0000000      0.0000000  
 2232.0000000   1220.3300781      0.0000000      0.0000000  
 2234.0000000   1220.1204834      0.0000000      0.0000000  
 2236.0000000   1219.9112549      0.0000000      0.0000000  
 2238.0000000   1219.7021484      0.0000000      0.0000000  
 2240.0000000   1219.4934082      0.0000000      0.0000000  
 2242.0000000   1219.2847900      0.0000000      0.0000000  
 2244.0000000   1219.0765381      0.0000000      0.0000000  
 2246.0000000   1218.8685303      0.0000000      0.0000000  
 2248.0000000   1218.6607666      0.0000000      0.0000000  
 2250.0000000   1218.4532471      0.0000000      0.0000000  
 2252.0000000   1218.2459717      0.0000000      0.0000000  
 2254.0000000   1218.0389404      0.0000000      0.0000000  
 2256.0000000   1217.8322754      0.0000000      0.0000000  
 2258.0000000   1217.6257324      0.0000000      0.0000000  
 2260.0000000   1217.4194336      0.0000000      0.0000000  
 2262.0000000   1217.2135010      0.0000000      0.0000000  
 2264.0000000   1217.0076904      0.0000000      0.0000000  
 2266.0000000   1216.8022461      0.0000000      0.0000000  
 2268.0000000   1216.5969238      0.0000000      0.0000000  
 2270.0000000   1216.3919678      0.0000000      0.0000000  
 2272.0000000   1216.1871338      0.0000000      0.0000000  
 2274.0000000   1215.9826660      0.0000000      0.0000000  
 2276.0000000   1215.7783203      0.0000000      0.0000000  
 2278.0000000   1215.5743408      0.0000000      0.0000000  
 2280.0000000   1215.3704834      0.0000000      0.0000000  
 2282.0000000   1215.1668701      0.0000000      0.0000000  
 2284.0000000   1214.9636230      0.0000000      0.0000000  
 2286.0000000   1214.7604980      0.0000000      0.0000000  
 2288.0000000   1214.5577393      0.0000000      0.0000000  
 2290.0000000   1214.3551025      0.0000000      0.0000000  
 2292.0000000   1214.1527100      0.0000000      0.0000000  
 2294.0000000   1213.9505615      0.0000000      0.0000000  
 2296.0000000   1213.7487793      0.0000000      0.0000000  
 2298.0000000   1213.5471191      0.0000000      0.0000000  
 2300.0000000   1213.3457031      0.0000000      0.0000000  
 2302.0000000   1213.1445312      0.0000000      0.0000000  
 2304.0000000   1212.9434814      0.0000000      0.0000000  
 2306.0000000   1212.7427979      0.0000000      0.0000000  
 2308.0000000   1212.5423584      0.0000000      0.0000000  
 2310.0000000   1212.3420410      0.0000000      0.0000000  
 2312.0000000   1212.1420898      0.0000000      0.0000000  
 2314.0000000   1211.9422607      0.0000000      0.0000000  
 2316.0000000   1211.7426758      0.0000000      0.0000000  
 2318.0000000   1211.5433350      0.0000000      0.0000000  
 2320.0000000   1211.3442383      0.0000000      0.0000000  
 2322.0000000   1211.1453857      0.0000000      0.0000000  
 2324.0000000   1210.9467773      0.0000000      0.0000000  
 2326.0000000   1210.7482910      0.0000000      0.0000000  
 2328.0000000   1210.5501709      0.0000000      0.0000000  
 2330.0000000   1210.3521729      0.0000000      0.0000000  
 2332.0000000   1210.1544189      0.0000000      0.0000000  
 2334.0000000   1209.9569092      0.0000000      0.0000000  
 2336.0000000   1209.7596436      0.0000000      0.0000000  
 2338.0000000   1209.5625000      0.0000000      0.0000000  
 2340.0000000   1209.3657227      0.0000000      0.0000000  
 2342.0000000   1209.1690674      0.0000000      0.0000000  
 2344.0000000   1208.9726562      0.0000000      0.0000000  
 2346.0000000   1208.7764893      0.0000000      0.0000000  
 2348.0000000   1208.5804443      0.0000000      0.0000000  
 2350.0000000   1208.3847656      0.0000000      0.0000000  
 2352.0000000   1208.1892090      0.0000000      0.0000000  
 2354.0000000   1207.9938965      0.0000000      0.0000000  
 2356.0000000   1207.7988281      0.0000000      0.0000000  
 2358.0000000   1207.6038818      0.0000000      0.0000000  
 2360.0000000   1207.4093018      0.0000000      0.0000000  
 2362.0000000   1207.2148438      0.0000000      0.0000000  
 2364.0000000   1207.0206299      0.0000000      0.0000000  
 2366.0000000   1206.8265381      0.0000000      0.0000000  
 2368.0000000   1206.6328125      0.0000000      0.0000000  
 2370.0000000   1206.4392090      0.0000000      0.0000000  
 2372.0000000   1206.2458496      0.0000000      0.0000000  
 2374.0000000   1206.0526123      0.0000000      0.0000000  
 2376.0000000   1205.8597412      0.0000000      0.0000000  
 2378.0000000   1205.6669922      0.0000000      0.0000000  
 2380.0000000   1205.4743652      0.0000000      0.0000000  
 2382.0000000   1205.2821045      0.0000000      0.0000000  
 2384.0000000   1205.0899658      0.0000000      0.0000000  
 2386.0000000   1204.8980713      0.0000000      0.0000000  
 2388.0000000   1204.7064209      0.0000000      0.0000000  
 2390.0000000   1204.5148926      0.0000000      0.0000000  
 2392.0000000   1204.3236084      0.0000000      0.0000000  
 2394.0000000   1204.1325684      0.0000000      0.0000000  
 2396.0000000   1203.9417725      0.0000000      0.0000000  
 2398.0000000   1203.7510986      0.0000000      0.0000000  
 2400.0000000   1203.5606689      0.0000000      0.0000000  
 2402.0000000   1203.3703613      0.0000000      0.0000000  
 2404.0000000   1203.1802979      0.0000000      0.0000000  
 2406.0000000   1202.9904785      0.0000000      0.0000000  
 2408.0000000   1202.8009033      0.0000000      0.0000000  
 2410.0000000   1202.6114502      0.0000000      0.0000000  
 2412.0000000   1202.4222412      0.0000000      0.0000000  
 2414.0000000   1202.2331543      0.0000000      0.0000000  
 2416.0000000   1202.0444336      0.0000000      0.0000000  
 2418.0000000   1201.8557129      0.0000000      0.0000000  
 2420.0000000   1201.6673584      0.0000000      0.0000000  
 2422.0000000   1201.4791260      0.0000000      0.0000000  
 2424.0000000   1201.2911377      0.0000000      0.0000000  
 2426.0000000   1201.1032715      0.0000000      0.0000000  
 2428.0000000   1200.9156494      0.0000000      0.0000000  
 2430.0000000   1200.7282715      0.0000000      0.0000000  
 2432.0000000   1200.5410156      0.0000000      0.0000000  
 2434.0000000   1200.3540039      0.0000000      0.0000000  
 2436.0000000   1200.1671143      0.0000000      0.0000000  
 2438.0000000   1199.9804688      0.0000000      0.0000000  
 2440.0000000   1199.7940674      0.0000000      0.0000000  
 2442.0000000   1199.6077881      0.0000000      0.0000000  
 2444.0000000   1199.4217529      0.0000000      0.0000000  
 2446.0000000   1199.2359619      0.0000000      0.0000000  
 2448.0000000   1199.0502930      0.0000000      0.0000000  
 2450.0000000   1198.8647461      0.0000000      0.0000000  
 2452.0000000   1198.6795654      0.0000000      0.0000000  
 2454.0000000   1198.4945068      0.0000000      0.0000000  
 2456.0000000   1198.3095703      0.0000000      0.0000000  
 2458.0000000   1198.1248779      0.0000000      0.0000000  
 2460.0000000   1197.9404297      0.0000000      0.0000000  
 2462.0000000   1197.7561035      0.0000000      0.0000000  
 2464.0000000   1197.5718994      0.0000000      0.0000000  
 2466.0000000   1197.3880615      0.0000000      0.0000000  
 2468.0000000   1197.2042236      0.0000000      0.0000000  
 2470.0000000   1197.0207520      0.0000000      0.0000000  
 2472.0000000   1196.8374023      0.0000000      0.0000000  
 2474.0000000   1196.6541748      0.0000000      0.0000000  
 2476.0000000   1196.4711914      0.0000000      0.0000000  
 2478.0000000   1196.2884521      0.0000000      0.0000000  
 2480.0000000   1196.1058350      0.0000000      0.0000000  
 2482.0000000   1195.9233398      0.0000000      0.0000000  
 2484.0000000   1195.7412109      0.0000000      0.0000000  
 2486.0000000   1195.5590820      0.0000000      0.0000000  
 2488.0000000   1195.3771973      0.0000000      0.0000000  
 2490.0000000   1195.1955566      0.0000000      0.0000000  
 2492.0000000   1195.0140381      0.0000000      0.0000000  
 2494.0000000   1194.8327637      0.0000000      0.0000000  
 2496.0000000   1194.6516113      0.0000000      0.0000000  
 2498.0000000   1194.4707031      0.0000000      0.0000000  
 2500.0000000   1194.2899170      0.0000000      0.0000000  
 2502.0000000   1194.1093750      0.0000000      0.0000000  
 2504.0000000   1193.9289551      0.0000000      0.0000000  
 2506.0000000   1193.7487793      0.0000000      0.0000000  
 2508.0000000   1193.5687256      0.0000000      0.0000000  
 2510.0000000   1193.3889160      0.0000000      0.0000000  
 2512.0000000   1193.2092285      0.0000000      0.0000000  
 2514.0000000   1193.0297852      0.0000000      0.0000000  
 2516.0000000   1192.8504639      0.0000000      0.0000000  
 2518.0000000   1192.6713867      0.0000000      0.0000000  
 2520.0000000   1192.4924316      0.0000000      0.0000000  
 2522.0000000   1192.3137207      0.0000000      0.0000000  
 2524.0000000   1192.1351318      0.0000000      0.0000000  
 2526.0000000   1191.9566650      0.0000000      0.0000000  
 2528.0000000   1191.7784424      0.0000000      0.0000000  
 2530.0000000   1191.6004639      0.0000000      0.0000000  
 2532.0000000   1191.4226074      0.0000000      0.0000000  
 2534.0000000   1191.2448730      0.0000000      0.0000000  
 2536.0000000   1191.0673828      0.0000000      0.0000000  
 2538.0000000   1190.8900146      0.0000000      0.0000000  
 2540.0000000   1190.7128906      0.0000000      0.0000000  
 2542.0000000   1190.5358887      0.0000000      0.0000000  
 2544.0000000   1190.3591309      0.0000000      0.0000000  
 2546.0000000   1190.1824951      0.0000000      0.0000000  
 2548.0000000   1190.0059814      0.0000000      0.0000000  
 2550.0000000   1189.8297119      0.0000000      0.0000000  
 2552.0000000   1189.6535645      0.0000000      0.0000000  
 2554.0000000   1189.4776611      0.0000000      0.0000000  
 2556.0000000   1189.3018799      0.0000000      0.0000000  
 2558.0000000   1189.1263428      0.0000000      0.0000000  
 2560.0000000   1188.9509277      0.0000000      0.0000000  
 2562.0000000   1188.7756348      0.0000000      0.0000000  
 2564.0000000   1188.6005859      0.0000000      0.0000000  
 2566.0000000   1188.4256592      0.0000000      0.0000000  
 2568.0000000   1188.2509766      0.0000000      0.0000000  
 2570.0000000   1188.0764160      0.0000000      0.0000000  
 2572.0000000   1187.9020996      0.0000000      0.0000000  
 2574.0000000   1187.7279053      0.0000000      0.0000000  
 2576.0000000   1187.5538330      0.0000000      0.0000000  
 2578.0000000   1187.3798828      0.0000000      0.0000000  
 2580.0000000   1187.2062988      0.0000000      0.0000000  
 2582.0000000   1187.0327148      0.0000000      0.0000000  
 2584.0000000   1186.8593750      0.0000000      0.0000000  
 2586.0000000   1186.6861572      0.0000000      0.0000000  
 2588.0000000   1186.5131836      0.0000000      0.0000000  
 2590.0000000   1186.3403320      0.0000000      0.0000000  
 2592.0000000   1186.1676025      0.0000000      0.0000000  
 2594.0000000   1185.9951172      0.0000000      0.0000000  
 2596.0000000   1185.8227539      0.0000000      0.0000000  
 2598.0000000   1185.6505127      0.0000000      0.0000000  
 2600.0000000   1185.4785156      0.0000000      0.0000000  
 2602.0000000   1185.3066406      0.0000000      0.0000000  
 2604.0000000   1185.1350098      0.0000000      0.0000000  
 2606.0000000   1184.9635010      0.0000000      0.0000000  
 2608.0000000   1184.7921143      0.0000000      0.0000000  
 2610.0000000   1184.6209717      0.0000000      0.0000000  
 2612.0000000   1184.4499512      0.0000000      0.0000000  
 2614.0000000   1184.2790527      0.0000000      0.0000000  
 2616.0000000   1184.1083984      0.0000000      0.0000000  
 2618.0000000   1183.9378662      0.0000000      0.0000000  
 2620.0000000   1183.7674561      0.0000000      0.0000000  
 2622.0000000   1183.5972900      0.0000000      0.0000000  
 2624.0000000   1183.4272461      0.0000000      0.0000000  
 2626.0000000   1183.2573242      0.0000000      0.0000000  
 2628.0000000   1183.0876465      0.0000000      0.0000000  
 2630.0000000   1182.9180908      0.0000000      0.0000000  
 2632.0000000   1182.7487793      0.0000000      0.0000000  
 2634.0000000   1182.5794678      0.0000000      0.0000000  
 2636.0000000   1182.4104004      0.0000000      0.0000000  
 2638.0000000   1182.2415771      0.0000000      0.0000000  
 2640.0000000   1182.0728760      0.0000000      0.0000000  
 2642.0000000   1181.9042969      0.0000000      0.0000000  
 2644.0000000   1181.7358398      0.0000000      0.0000000  
 2646.0000000   1181.5676270      0.0000000      0.0000000  
 2648.0000000   1181.3995361      0.0000000      0.0000000  
 2650.0000000   1181.2315674      0.0000000      0.0000000  
 2652.0000000   1181.0637207      0.0000000      0.0000000  
 2654.0000000   1180.8961182      0.0000000      0.0000000  
 2656.0000000   1180.7287598      0.0000000      0.0000000  
 2658.0000000   1180.5614014      0.0000000      0.0000000  
 2660.0000000   1180.3942871      0.0000000      0.0000000  
 2662.0000000   1180.2272949      0.0000000      0.0000000  
 2664.0000000   1180.0604248      0.0000000      0.0000000  
 2666.0000000   1179.8937988      0.0000000      0.0000000  
 2668.0000000   1179.7272949      0.0000000      0.0000000  
 2670.0000000   1179.5609131      0.0000000      0.0000000  
 2672.0000000   1179.3947754      0.0000000      0.0000000  
 2674.0000000   1179.2287598      0.0000000      0.0000000  
 2676.0000000   1179.0628662      0.0000000      0.0000000  
 2678.0000000   1178.8970947      0.0000000      0.0000000  
 2680.0000000   1178.7315674      0.0000000      0.0000000  
 2682.0000000   1178.5661621      0.0000000      0.0000000  
 2684.0000000   1178.4008789      0.0000000      0.0000000  
 2686.0000000   1178.2358398      0.0000000      0.0000000  
 2688.0000000   1178.0709229      0.0000000      0.0000000  
 2690.0000000   1177.9061279      0.0000000      0.0000000  
 2692.0000000   1177.7414551      0.0000000      0.0000000  
 2694.0000000   1177.5770264      0.0000000      0.0000000  
 2696.0000000   1177.4127197      0.0000000      0.0000000  
 2698.0000000   1177.2485352      0.0000000      0.0000000  
 2700.0000000   1177.0844727      0.0000000      0.0000000  
 2702.0000000   1176.9206543      0.0000000      0.0000000  
 2704.0000000   1176.7569580      0.0000000      0.0000000  
 2706.0000000   1176.5933838      0.0000000      0.0000000  
 2708.0000000   1176.4299316      0.0000000      0.0000000  
 2710.0000000   1176.2667236      0.0000000      0.0000000  
 2712.0000000   1176.1036377      0.0000000      0.0000000  
 2714.0000000   1175.9406738      0.0000000      0.0000000  
 2716.0000000   1175.7778320      0.0000000      0.0000000  
 2718.0000000   1175.6152344      0.0000000      0.0000000  
 2720.0000000   1175.4527588      0.0000000      0.0000000  
 2722.0000000   1175.2904053      0.0000000      0.0000000  
 2724.0000000   1175.1282959      0.0000000      0.0000000  
 2726.0000000   1174.9661865      0.0000000      0.0000000  
 2728.0000000   1174.8043213      0.0000000      0.0000000  
 2730.0000000   1174.6425781      0.0000000      0.0000000  
 2732.0000000   1174.4809570      0.0000000      0.0000000  
 2734.0000000   1174.3195801      0.0000000      0.0000000  
 2736.0000000   1174.1583252      0.0000000      0.0000000  
 2738.0000000   1173.9971924      0.0000000      0.0000000  
 2740.0000000   1173.8361816      0.0000000      0.0000000  
 2742.0000000   1173.6754150      0.0000000      0.0000000  
 2744.0000000   1173.5146484      0.0000000      0.0000000  
 2746.0000000   1173.3541260      0.0000000      0.0000000  
 2748.0000000   1173.1937256      0.0000000      0.0000000  
 2750.0000000   1173.0335693      0.0000000      0.0000000  
 2752.0000000   1172.8734131      0.0000000      0.0000000  
 2754.0000000   1172.7135010      0.0000000      0.0000000  
 2756.0000000   1172.5537109      0.0000000      0.0000000  
 2758.0000000   1172.3940430      0.0000000      0.0000000  
 2760.0000000   1172.2344971      0.0000000      0.0000000  
 2762.0000000   1172.0751953      0.0000000      0.0000000  
 2764.0000000   1171.9160156      0.0000000      0.0000000  
 2766.0000000   1171.7569580      0.0000000      0.0000000  
 2768.0000000   1171.5980225      0.0000000      0.0000000  
 2770.0000000   1171.4393311      0.0000000      0.0000000  
 2772.0000000   1171.2806396      0.0000000      0.0000000  
 2774.0000000   1171.1221924      0.0000000      0.0000000  
 2776.0000000   1170.9638672      0.0000000      0.0000000  
 2778.0000000   1170.8056641      0.0000000      0.0000000  
 2780.0000000   1170.6477051      0.0000000      0.0000000  
 2782.0000000   1170.4897461      0.0000000      0.0000000  
 2784.0000000   1170.3320312      0.0000000      0.0000000  
 2786.0000000   1170.1744385      0.0000000      0.0000000  
 2788.0000000   1170.0169678      0.0000000      0.0000000  
 2790.0000000   1169.8596191      0.0000000      0.0000000  
 2792.0000000   1169.7025146      0.0000000      0.0000000  
 2794.0000000   1169.5454102      0.0000000      0.0000000  
 2796.0000000   1169.3885498      0.0000000      0.0000000  
 2798.0000000   1169.2318115      0.0000000      0.0000000  
 2800.0000000   1169.0753174      0.0000000      0.0000000  
 2802.0000000   1168.9188232      0.0000000      0.0000000  
 2804.0000000   1168.7625732      0.0000000      0.0000000  
 2806.0000000   1168.6063232      0.0000000      0.0000000  
 2808.0000000   1168.4503174      0.0000000      0.0000000  
 2810.0000000   1168.2944336      0.0000000      0.0000000  
 2812.0000000   1168.1387939      0.0000000      0.0000000  
 2814.0000000   1167.9831543      0.0000000      0.0000000  
 2816.0000000   1167.8277588      0.0000000      0.0000000  
 2818.0000000   1167.6723633      0.0000000      0.0000000  
 2820.0000000   1167.5172119      0.0000000      0.0000000  
 2822.0000000   1167.3621826      0.0000000      0.0000000  
 2824.0000000   1167.2072754      0.0000000      0.0000000  
 2826.0000000   1167.0526123      0.0000000      0.0000000  
 2828.0000000   1166.8979492      0.0000000      0.0000000  
 2830.0000000   1166.7435303      0.0000000      0.0000000  
 2832.0000000   1166.5892334      0.0000000      0.0000000  
 2834.0000000   1166.4350586      0.0000000      0.0000000  
 2836.0000000   1166.2810059      0.0000000      0.0000000  
 2838.0000000   1166.1270752      0.0000000      0.0000000  
 2840.0000000   1165.9733887      0.0000000      0.0000000  
 2842.0000000   1165.8197021      0.0000000      0.0000000  
 2844.0000000   1165.6662598      0.0000000      0.0000000  
 2846.0000000   1165.5129395      0.0000000      0.0000000  
 2848.0000000   1165.3597412      0.0000000      0.0000000  
 2850.0000000   1165.2066650      0.0000000      0.0000000  
 2852.0000000   1165.0537109      0.0000000      0.0000000  
 2854.0000000   1164.9010010      0.0000000      0.0000000  
 2856.0000000   1164.7482910      0.0000000      0.0000000  
 2858.0000000   1164.5958252      0.0000000      0.0000000  
 2860.0000000   1164.4434814      0.0000000      0.0000000  
 2862.0000000   1164.2912598      0.0000000      0.0000000  
 2864.0000000   1164.1391602      0.0000000      0.0000000  
 2866.0000000   1163.9871826      0.0000000      0.0000000  
 2868.0000000   1163.8353271      0.0000000      0.0000000  
 2870.0000000   1163.6837158      0.0000000      0.0000000  
 2872.0000000   1163.5322266      0.0000000      0.0000000  
 2874.0000000   1163.3807373      0.0000000      0.0000000  
 2876.0000000   1163.2294922      0.0000000      0.0000000  
 2878.0000000   1163.0783691      0.0000000      0.0000000  
 2880.0000000   1162.9273682      0.0000000      0.0000000  
 2882.0000000   1162.7764893      0.0000000      0.0000000  
 2884.0000000   1162.6258545      0.0000000      0.0000000  
 2886.0000000   1162.4752197      0.0000000      0.0000000  
 2888.0000000   1162.3248291      0.0000000      0.0000000  
 2890.0000000   1162.1744385      0.0000000      0.0000000  
 2892.0000000   1162.0242920      0.0000000      0.0000000  
 2894.0000000   1161.8742676      0.0000000      0.0000000  
 2896.0000000   1161.7243652      0.0000000      0.0000000  
 2898.0000000   1161.5745850      0.0000000      0.0000000  
 2900.0000000   1161.4249268      0.0000000      0.0000000  
 2902.0000000   1161.2755127      0.0000000      0.0000000  
 2904.0000000   1161.1260986      0.0000000      0.0000000  
 2906.0000000   1160.9768066      0.0000000      0.0000000  
 2908.0000000   1160.8277588      0.0000000      0.0000000  
 2910.0000000   1160.6788330      0.0000000      0.0000000  
 2912.0000000   1160.5300293      0.0000000      0.0000000  
 2914.0000000   1160.3813477      0.0000000      0.0000000  
 2916.0000000   1160.2327881      0.0000000      0.0000000  
 2918.0000000   1160.0843506      0.0000000      0.0000000  
 2920.0000000   1159.9360352      0.0000000      0.0000000  
 2922.0000000   1159.7878418      0.0000000      0.0000000  
 2924.0000000   1159.6398926      0.0000000      0.0000000  
 2926.0000000   1159.4919434      0.0000000      0.0000000  
 2928.0000000   1159.3442383      0.0000000      0.0000000  
 2930.0000000   1159.1965332      0.0000000      0.0000000  
 2932.0000000   1159.0490723      0.0000000      0.0000000  
 2934.0000000   1158.9017334      0.0000000      0.0000000  
 2936.0000000   1158.7545166      0.0000000      0.0000000  
 2938.0000000   1158.6074219      0.0000000      0.0000000  
 2940.0000000   1158.4604492      0.0000000      0.0000000  
 2942.0000000   1158.3135986      0.0000000      0.0000000  
 2944.0000000   1158.1668701      0.0000000      0.0000000  
 2946.0000000   1158.0203857      0.0000000      0.0000000  
 2948.0000000   1157.8739014      0.0000000      0.0000000  
 2950.0000000   1157.7275391      0.0000000      0.0000000  
 2952.0000000   1157.5814209      0.0000000      0.0000000  
 2954.0000000   1157.4354248      0.0000000      0.0000000  
 2956.0000000   1157.2894287      0.0000000      0.0000000  
 2958.0000000   1157.1436768      0.0000000      0.0000000  
 2960.0000000   1156.9980469      0.0000000      0.0000000  
 2962.0000000   1156.8525391      0.0000000      0.0000000  
 2964.0000000   1156.7071533      0.0000000      0.0000000  
 2966.0000000   1156.5618896      0.0000000      0.0000000  
 2968.0000000   1156.4167480      0.0000000      0.0000000  
 2970.0000000   1156.2717285      0.0000000      0.0000000  
 2972.0000000   1156.1268311      0.0000000      0.0000000  
 2974.0000000   1155.9820557      0.0000000      0.0000000  
 2976.0000000   1155.8375244      0.0000000      0.0000000  
 2978.0000000   1155.6929932      0.0000000      0.0000000  
 2980.0000000   1155.5487061      0.0000000      0.0000000  
 2982.0000000   1155.4044189      0.0000000      0.0000000  
 2984.0000000   1155.2603760      0.0000000      0.0000000  
 2986.0000000   1155.1163330      0.0000000      0.0000000  
 2988.0000000   1154.9725342      0.0000000      0.0000000  
 2990.0000000   1154.8288574      0.0000000      0.0000000  
 2992.0000000   1154.6853027      0.0000000      0.0000000  
 2994.0000000   1154.5418701      0.0000000      0.0000000  
 2996.0000000   1154.3984375      0.0000000      0.0000000  
 2998.0000000   1154.2552490      0.0000000      0.0000000  
 3000.0000000   1154.1121826      0.0000000      0.0000000  
 3002.0000000   1153.9692383      0.0000000      0.0000000  
 3004.0000000   1153.8264160      0.0000000      0.0000000  
 3006.0000000   1153.6838379      0.0000000      0.0000000  
 3008.0000000   1153.5412598      0.0000000      0.0000000  
 3010.0000000   1153.3988037      0.0000000      0.0000000  
 3012.0000000   1153.2564697      0.0000000      0.0000000  
 3014.0000000   1153.1143799      0.0000000      0.0000000  
 3016.0000000   1152.9722900      0.0000000      0.0000000  
 3018.0000000   1152.8303223      0.0000000      0.0000000  
 3020.0000000   1152.6885986      0.0000000      0.0000000  
 3022.0000000   1152.5468750      0.0000000      0.0000000  
 3024.0000000   1152.4053955      0.0000000      0.0000000  
 3026.0000000   1152.2639160      0.0000000      0.0000000  
 3028.0000000   1152.1226807      0.0000000      0.0000000  
 3030.0000000   1151.9814453      0.0000000      0.0000000  
 3032.0000000   1151.8404541      0.0000000      0.0000000  